12:14:30.033,23.68,-5.80,2.93,7.21,0.01,-0.02,0.03
12:14:30.065,23.67,-5.89,3.05,7.14,0.01,0.00,0.02
12:14:30.098,23.68,-5.87,3.05,7.46,0.02,-0.00,0.02
12:14:30.163,23.70,-5.77,2.93,7.39,0.01,-0.03,0.02
12:14:30.196,23.71,-5.80,2.92,7.22,0.01,0.01,0.01
12:14:30.228,23.68,-5.88,2.78,6.94,0.01,0.03,0.00
12:14:30.294,23.72,-5.79,3.13,7.55,0.02,-0.06,0.05
12:14:30.327,23.71,-5.80,2.77,7.10,0.01,0.02,0.00
12:14:30.359,23.70,-5.90,2.89,7.07,0.02,-0.02,0.03
12:14:30.425,23.68,-5.74,3.21,7.53,0.02,-0.01,0.03
12:14:30.459,23.71,-5.76,3.17,7.50,0.01,-0.02,0.02
12:14:30.490,23.67,-5.78,3.28,7.54,0.01,-0.03,0.03
12:14:30.557,23.70,-5.76,2.99,7.40,0.00,0.02,-0.00
12:14:30.590,23.70,-5.88,2.54,6.76,0.01,0.05,-0.01
12:14:30.622,23.66,-6.00,2.93,6.87,0.01,0.01,0.01
12:14:30.688,23.69,-5.90,3.15,7.34,0.02,-0.03,0.03
12:14:30.721,23.68,-5.92,3.18,7.48,0.02,0.03,0.01
12:14:30.753,23.69,-5.74,3.07,7.46,0.01,-0.03,0.03
12:14:30.820,23.71,-5.85,3.07,7.25,0.02,-0.01,0.03
12:14:30.853,23.72,-5.76,2.93,7.43,0.01,-0.03,0.02
12:14:30.885,23.67,-5.84,2.99,7.33,0.01,0.01,0.01
12:14:30.951,23.69,-5.72,2.96,7.32,0.01,-0.00,0.01
12:14:30.984,23.68,-5.84,3.01,7.28,0.01,0.00,0.01
12:14:31.016,23.68,-5.81,2.94,7.27,0.01,-0.00,0.02
12:14:31.082,23.71,-5.83,3.00,7.31,0.01,-0.01,0.02
12:14:31.116,23.67,-5.82,3.01,7.28,0.01,-0.00,0.02
12:14:31.149,23.70,-5.82,2.95,7.28,0.01,-0.00,0.01
12:14:31.215,23.70,-5.85,2.97,7.33,0.01,-0.01,0.02
12:14:31.248,23.70,-5.79,3.01,7.33,0.01,-0.01,0.02
12:14:31.281,23.71,-5.80,3.02,7.30,0.01,-0.00,0.02
12:14:31.348,23.64,-5.82,3.00,7.30,0.01,-0.00,0.02
12:14:31.380,23.68,-5.86,2.96,7.30,0.01,-0.00,0.02
12:14:31.412,23.70,-5.85,2.99,7.35,0.01,-0.01,0.02
12:14:31.478,23.69,-5.81,3.02,7.38,0.01,-0.01,0.02
12:14:31.512,23.74,-5.87,3.07,7.25,0.02,0.00,0.02
12:14:31.543,23.72,-5.81,2.97,7.31,0.01,-0.00,0.02
12:14:31.609,23.68,-5.83,3.03,7.30,0.01,-0.00,0.02
12:14:31.642,23.70,-5.79,2.97,7.33,0.01,-0.00,0.02
12:14:31.674,23.67,-5.85,3.06,7.29,0.01,-0.00,0.02
12:14:31.740,23.69,-5.87,3.06,7.28,0.01,-0.00,0.02
12:14:31.773,23.70,-5.80,2.98,7.31,0.01,-0.01,0.02
12:14:31.837,23.65,-5.81,2.93,7.35,0.02,-0.01,0.02
12:14:31.870,23.67,-5.79,2.93,7.29,0.01,-0.00,0.01
12:14:31.903,23.65,-5.77,2.89,7.36,0.01,0.01,0.01
12:14:31.969,23.67,-5.81,2.90,7.24,0.01,0.02,0.00
12:14:32.003,23.72,-5.75,2.77,7.02,0.02,0.03,0.00
12:14:32.035,23.69,-5.79,3.13,7.51,0.02,-0.07,0.05
12:14:32.102,23.66,-5.79,3.15,7.58,0.02,-0.06,0.05
12:14:32.135,23.71,-5.78,2.62,7.37,0.00,0.03,-0.01
12:14:32.166,23.68,-5.75,3.03,7.22,0.03,-0.04,0.04
12:14:32.233,23.67,-5.77,3.24,7.48,0.02,-0.07,0.05
12:14:32.265,23.64,-5.90,2.92,7.08,0.01,0.05,-0.00
12:14:32.298,23.70,-5.72,2.74,7.39,-0.00,-0.01,0.01
12:14:32.365,23.71,-5.87,2.67,6.95,0.01,0.07,-0.02
12:14:32.398,23.71,-5.75,3.13,7.35,0.01,-0.04,0.04
12:14:32.431,23.69,-5.91,3.00,7.01,0.01,0.03,0.01
12:14:32.498,23.69,-5.99,3.00,7.19,0.02,0.00,0.02
12:14:32.531,23.63,-5.63,3.08,7.53,0.01,-0.01,0.02
12:14:32.563,23.70,-5.69,3.06,7.02,0.01,0.00,0.01
12:14:32.629,23.67,-5.76,2.65,7.02,0.01,0.04,-0.01
12:14:32.662,23.70,-5.91,3.09,7.33,0.02,-0.05,0.04
12:14:32.695,23.73,-5.90,3.00,7.54,0.02,-0.04,0.04
12:14:32.762,23.71,-5.75,3.07,7.57,0.01,0.00,0.01
12:14:32.794,23.66,-5.78,3.00,7.16,0.01,0.01,0.01
12:14:32.827,23.71,-5.86,3.10,7.26,0.02,0.00,0.02
12:14:32.894,23.70,-5.82,2.82,7.19,0.01,0.02,0.00
12:14:32.926,23.68,-5.72,2.79,7.51,0.00,-0.03,0.02
12:14:32.959,23.68,-5.72,2.98,7.50,0.00,-0.02,0.02
12:14:33.025,23.68,-5.80,2.83,7.34,0.01,-0.03,0.02
12:14:33.059,23.67,-5.70,2.90,7.42,0.01,-0.01,0.01
12:14:33.090,23.67,-5.85,3.06,6.98,0.02,0.02,0.01
12:14:33.154,23.71,-5.79,3.28,7.85,0.01,-0.06,0.04
12:14:33.187,23.68,-5.81,3.25,6.97,0.01,-0.01,0.02
12:14:33.219,23.70,-5.82,2.79,7.08,0.00,0.01,0.00
12:14:33.285,23.71,-5.68,2.66,7.51,0.00,-0.02,0.01
12:14:33.317,23.64,-5.85,2.74,6.98,0.01,0.04,-0.00
12:14:33.349,23.70,-5.73,3.21,7.56,0.01,-0.06,0.04
12:14:33.415,23.66,-5.81,2.88,7.16,0.01,0.03,0.00
12:14:33.448,23.70,-5.85,3.33,7.34,0.02,-0.05,0.04
12:14:33.480,23.71,-5.80,2.95,7.50,0.01,0.01,0.01
12:14:33.546,23.66,-5.82,2.91,7.24,0.00,0.03,-0.00
12:14:33.579,23.71,-5.98,3.07,7.16,0.02,0.02,0.01
12:14:33.611,23.71,-5.78,2.82,7.35,-0.00,0.02,-0.00
12:14:33.677,23.67,-5.85,3.07,7.31,0.02,-0.07,0.05
12:14:33.709,23.64,-5.78,3.11,7.72,0.01,-0.10,0.06
12:14:33.775,23.67,-5.99,3.18,7.23,0.02,0.03,0.01
12:14:33.808,23.66,-5.82,3.14,7.31,0.01,-0.01,0.02
12:14:33.841,23.70,-5.99,3.22,7.10,0.02,0.01,0.02
12:14:33.907,23.69,-5.77,2.64,6.99,-0.00,0.08,-0.03
12:14:33.941,23.67,-5.95,2.49,6.49,-0.00,0.13,-0.05
12:14:33.974,23.65,-5.83,3.05,7.42,0.02,-0.08,0.05
12:14:34.039,23.67,-5.86,3.08,7.27,0.01,0.01,0.01
12:14:34.071,23.65,-5.86,2.99,7.27,0.01,0.00,0.02
12:14:34.104,23.67,-5.83,2.97,7.25,0.01,-0.00,0.02
12:14:34.168,23.65,-5.83,3.01,7.34,0.01,-0.01,0.02
12:14:34.201,23.67,-5.83,3.00,7.29,0.01,0.00,0.01
12:14:34.234,23.67,-5.83,3.03,7.31,0.01,-0.00,0.02
12:14:34.301,23.66,-5.81,3.01,7.30,0.01,-0.00,0.02
12:14:34.334,23.66,-5.83,3.01,7.30,0.01,-0.00,0.02
12:14:34.367,23.68,-5.83,3.01,7.30,0.01,-0.00,0.02
12:14:34.433,23.68,-5.81,3.00,7.31,0.01,-0.01,0.02
12:14:34.466,23.69,-5.83,3.01,7.33,0.01,-0.00,0.02
12:14:34.499,23.66,-5.82,2.99,7.29,0.01,-0.00,0.02
12:14:34.565,23.68,-5.83,3.01,7.32,0.01,-0.00,0.02
12:14:34.598,23.68,-5.80,2.99,7.30,0.01,-0.00,0.02
12:14:34.631,23.71,-5.82,3.01,7.32,0.01,-0.00,0.02
12:14:34.697,23.68,-5.80,2.99,7.30,0.01,-0.00,0.02
12:14:34.730,23.70,-5.82,3.02,7.33,0.01,-0.00,0.02
12:14:34.763,23.69,-5.80,3.00,7.30,0.01,-0.00,0.02
12:14:34.829,23.67,-5.83,3.01,7.31,0.01,-0.00,0.02
12:14:34.862,23.69,-5.82,3.00,7.29,0.01,-0.00,0.02
12:14:34.895,23.66,-5.84,3.02,7.32,0.01,-0.01,0.02
12:14:34.962,23.69,-5.82,2.99,7.30,0.01,-0.00,0.02
12:14:34.994,23.68,-5.83,3.02,7.33,0.01,-0.00,0.02
12:14:35.027,23.70,-5.82,3.00,7.31,0.01,-0.00,0.02
12:14:35.094,23.66,-5.82,3.00,7.32,0.01,-0.00,0.02
12:14:35.127,23.75,-5.80,3.00,7.32,0.01,-0.00,0.02
12:14:35.160,23.69,-5.82,3.00,7.31,0.01,-0.00,0.02
12:14:35.228,23.69,-5.83,3.01,7.30,0.01,-0.00,0.02
12:14:35.261,23.60,-5.82,3.01,7.31,0.01,-0.00,0.02
12:14:35.294,23.67,-5.84,3.01,7.31,0.01,-0.00,0.02
12:14:35.360,23.64,-5.82,2.99,7.29,0.01,-0.00,0.02
12:14:35.392,23.68,-5.83,3.00,7.31,0.01,-0.00,0.02
12:14:35.425,23.69,-5.82,2.99,7.30,0.01,-0.00,0.02
12:14:35.491,23.67,-5.82,3.01,7.32,0.01,-0.00,0.02
12:14:35.524,23.64,-5.80,3.00,7.30,0.01,-0.00,0.02
12:14:35.557,23.73,-5.83,3.01,7.32,0.01,-0.00,0.02
12:14:35.623,23.69,-5.81,3.00,7.31,0.01,-0.00,0.02
12:14:35.657,23.66,-5.83,3.02,7.31,0.01,-0.01,0.02
12:14:35.689,23.66,-5.83,2.99,7.30,0.01,-0.00,0.02
12:14:35.755,23.67,-5.85,3.02,7.32,0.01,-0.00,0.02
12:14:35.787,23.64,-5.83,3.00,7.30,0.01,-0.00,0.02
12:14:35.820,23.68,-5.82,3.01,7.31,0.01,-0.00,0.02
12:14:35.885,23.70,-5.82,3.01,7.31,0.01,-0.00,0.02
12:14:35.919,23.64,-5.81,3.00,7.31,0.01,-0.00,0.02
12:14:35.951,23.67,-5.82,3.00,7.31,0.01,-0.00,0.02
12:14:36.017,23.70,-5.82,3.01,7.32,0.01,-0.00,0.02
12:14:36.050,23.73,-5.83,3.02,7.33,0.01,-0.00,0.02
12:14:36.083,23.67,-5.82,3.00,7.30,0.01,-0.00,0.02
12:14:36.149,23.69,-5.85,3.00,7.32,0.01,-0.00,0.02
12:14:36.182,23.68,-5.81,3.00,7.29,0.01,-0.00,0.02
12:14:36.215,23.69,-5.85,3.02,7.32,0.01,-0.00,0.02
12:14:36.281,23.60,-5.81,2.99,7.29,0.01,-0.00,0.02
12:14:36.314,23.67,-5.84,3.01,7.33,0.01,-0.00,0.02
12:14:36.347,23.67,-5.79,2.91,7.23,0.01,0.00,0.02
12:14:36.413,23.67,-5.81,2.86,7.22,0.00,0.01,0.00
12:14:36.446,23.67,-5.82,2.99,7.37,0.02,-0.02,0.03
12:14:36.479,23.66,-5.85,3.02,7.30,0.01,0.01,0.01
12:14:36.545,23.67,-5.82,2.98,7.24,0.01,0.00,0.01
12:14:36.578,23.70,-5.86,2.98,7.30,0.01,-0.00,0.02
12:14:36.610,23.68,-5.82,3.00,7.30,0.01,-0.01,0.02
12:14:36.676,23.68,-5.80,3.04,7.31,0.01,-0.00,0.02
12:14:36.709,23.71,-5.82,3.00,7.29,0.01,-0.00,0.02
12:14:36.742,23.70,-5.84,2.99,7.31,0.01,-0.01,0.02
12:14:36.808,23.68,-5.83,3.00,7.32,0.01,-0.00,0.02
12:14:36.841,23.70,-5.80,3.05,7.31,0.01,-0.01,0.02
12:14:36.874,23.71,-5.81,3.04,7.34,0.01,-0.00,0.02
12:14:36.940,23.70,-5.78,3.00,7.35,0.01,-0.01,0.02
12:14:36.972,23.70,-5.77,2.83,7.15,0.01,0.02,0.01
12:14:37.004,23.68,-5.86,2.73,7.02,0.01,0.02,0.00
12:14:37.070,23.66,-5.75,3.17,7.64,0.01,-0.05,0.03
12:14:37.102,23.68,-5.94,2.82,6.86,0.00,0.07,-0.02
12:14:37.134,23.68,-5.98,2.95,6.85,0.02,0.04,0.01
12:14:37.201,23.67,-5.78,3.32,7.81,0.02,-0.05,0.05
12:14:37.233,23.70,-5.84,3.01,7.14,0.01,0.05,-0.01
12:14:37.265,23.70,-5.75,3.02,7.63,0.01,-0.02,0.02
12:14:37.332,23.70,-5.85,2.66,6.93,0.00,0.10,-0.03
12:14:37.364,23.68,-5.81,2.93,7.27,0.00,0.03,0.03
12:14:37.396,23.67,-5.76,2.86,7.27,0.01,0.00,0.01
12:14:37.462,23.68,-5.87,2.96,7.21,0.01,-0.02,0.02
12:14:37.495,23.66,-5.82,2.90,7.56,0.02,-0.03,0.03
12:14:37.528,23.68,-5.87,3.21,7.50,0.03,-0.03,0.04
12:14:37.594,23.70,-5.82,2.97,7.31,0.01,0.02,0.00
12:14:37.626,23.67,-5.76,2.87,7.43,0.01,0.00,0.01
12:14:37.691,23.66,-5.78,2.97,7.45,0.02,-0.03,0.03
12:14:37.724,23.68,-5.71,2.89,7.21,0.01,0.05,-0.01
12:14:37.756,23.68,-5.99,2.83,6.88,0.02,0.04,-0.00
12:14:37.823,23.67,-5.86,3.27,7.54,0.02,-0.04,0.04
12:14:37.856,23.68,-5.85,3.13,7.33,0.02,0.00,0.02
12:14:37.888,23.68,-5.80,3.13,7.39,0.02,-0.04,0.03
12:14:37.955,23.66,-5.80,3.05,7.40,0.02,0.01,0.01
12:14:37.989,23.67,-5.81,2.93,7.30,0.01,-0.00,0.01
12:14:38.021,23.65,-5.78,3.00,7.26,0.01,-0.00,0.02
12:14:38.088,23.66,-5.82,2.95,7.38,0.01,-0.01,0.02
12:14:38.120,23.67,-5.78,3.02,7.33,0.01,-0.01,0.02
12:14:38.153,23.71,-5.88,2.99,7.38,0.01,-0.01,0.02
12:14:38.219,23.66,-5.80,3.02,7.29,0.01,-0.00,0.02
12:14:38.252,23.68,-5.82,3.05,7.26,0.02,-0.00,0.02
12:14:38.285,23.71,-5.85,3.06,7.25,0.01,-0.01,0.02
12:14:38.350,23.70,-5.74,2.80,7.19,0.01,0.02,0.00
12:14:38.384,23.65,-5.88,3.16,7.29,0.02,-0.03,0.03
12:14:38.416,23.66,-5.74,2.99,7.71,0.01,-0.01,0.01
12:14:38.482,23.68,-5.89,2.85,6.82,0.02,0.04,0.01
12:14:38.515,23.69,-5.82,3.23,7.35,0.03,-0.09,0.06
12:14:38.548,23.66,-5.74,3.06,7.71,0.00,0.00,0.00
12:14:38.615,23.70,-5.84,2.68,7.06,0.01,0.02,-0.01
12:14:38.647,23.66,-5.74,2.82,7.45,-0.01,0.02,-0.01
12:14:38.680,23.70,-5.88,2.88,6.93,0.01,-0.02,0.02
12:14:38.746,23.68,-5.77,2.78,7.30,0.00,0.00,0.01
12:14:38.780,23.66,-5.81,3.00,7.34,0.02,-0.04,0.04
12:14:38.813,23.71,-5.98,3.21,7.24,0.03,0.02,0.02
12:14:38.879,23.64,-5.74,3.26,7.66,0.02,-0.06,0.04
12:14:38.912,23.69,-5.85,2.91,7.12,0.01,0.06,-0.01
12:14:38.945,23.68,-5.68,2.88,7.41,0.01,-0.04,0.03
12:14:39.012,23.68,-5.67,2.90,7.68,-0.00,-0.03,0.01
12:14:39.044,23.70,-5.93,2.94,6.92,0.01,0.01,0.01
12:14:39.078,23.68,-5.81,3.20,7.42,0.02,-0.03,0.04
12:14:39.143,23.70,-6.00,3.18,7.13,0.04,-0.01,0.04
12:14:39.176,23.66,-5.71,3.23,7.84,0.00,-0.02,0.02
12:14:39.209,23.71,-5.90,2.81,6.72,0.00,0.02,-0.01
12:14:39.275,23.68,-5.85,2.86,6.97,0.02,0.03,0.00
12:14:39.308,23.68,-5.90,3.06,7.04,0.03,0.03,0.02
12:14:39.341,23.67,-5.81,2.91,7.45,0.02,0.02,0.01
12:14:39.406,23.68,-5.82,3.06,7.52,0.01,-0.03,0.03
12:14:39.439,23.68,-5.90,2.84,7.12,0.01,0.03,0.00
12:14:39.472,23.66,-5.87,2.96,7.16,0.01,0.00,0.01
12:14:39.538,23.67,-5.79,3.05,7.54,0.01,-0.02,0.03
12:14:39.571,23.72,-5.80,2.76,7.25,0.00,0.02,-0.00
12:14:39.604,23.67,-5.94,2.87,6.91,0.03,0.02,0.01
12:14:39.670,23.69,-5.62,2.96,7.91,-0.01,-0.03,0.02
12:14:39.703,23.67,-5.98,3.01,6.91,0.04,-0.03,0.04
12:14:39.736,23.69,-5.69,3.13,7.59,0.02,-0.13,0.07
12:14:39.802,23.69,-5.79,3.04,7.46,0.01,0.03,0.00
12:14:39.835,23.68,-5.83,2.87,7.30,0.01,0.02,0.02
12:14:39.868,23.69,-5.75,2.86,7.49,0.00,-0.02,0.02
12:14:39.933,23.67,-5.74,2.75,7.25,0.01,0.03,-0.00
12:14:39.966,23.65,-5.87,2.95,7.07,0.01,0.02,0.00
12:14:39.999,23.68,-5.87,3.11,7.47,0.02,-0.05,0.04
12:14:40.065,23.71,-5.71,3.00,7.37,0.00,0.01,0.00
12:14:40.098,23.67,-5.85,2.87,7.16,0.01,0.02,0.00
12:14:40.131,23.68,-5.78,2.88,7.29,0.02,0.01,0.01
12:14:40.198,23.69,-5.98,3.33,7.30,0.02,-0.02,0.04
12:14:40.230,23.68,-5.89,3.18,7.49,0.02,-0.03,0.04
12:14:40.263,23.68,-6.05,3.32,7.17,0.03,-0.01,0.03
12:14:40.330,23.67,-5.74,2.79,7.30,0.00,0.05,-0.01
12:14:40.362,23.73,-5.88,3.23,7.24,0.02,0.00,0.02
12:14:40.395,23.67,-5.86,2.80,7.24,0.01,0.02,0.00
12:14:40.462,23.72,-5.75,2.97,7.40,0.01,0.01,0.03
12:14:40.494,23.70,-5.76,2.89,7.53,0.00,-0.03,0.02
12:14:40.527,23.65,-5.77,2.95,7.40,0.01,-0.03,0.02
12:14:40.593,23.67,-5.71,2.99,7.48,0.01,-0.04,0.03
12:14:40.626,23.69,-5.74,2.93,7.36,0.01,0.00,0.01
12:14:40.659,23.68,-5.81,3.11,7.16,0.01,0.02,0.01
12:14:40.724,23.68,-7.98,-0.52,0.72,0.10,0.01,-0.06
12:14:40.757,23.69,-7.90,3.16,4.38,0.23,-1.39,0.18
12:14:40.790,23.69,-3.06,4.07,8.93,0.61,-0.68,0.18
12:14:40.857,23.67,-5.31,0.79,5.21,0.08,-0.49,0.11
12:14:40.889,23.68,-3.80,3.46,10.75,0.02,-0.56,0.27
12:14:40.922,23.72,-5.82,4.65,8.42,0.14,0.03,0.13
12:14:40.987,23.70,-5.12,3.82,8.24,-0.10,-0.08,0.06
12:14:41.021,23.67,-5.32,3.04,6.78,-0.00,-0.07,0.13
12:14:41.054,23.66,-5.08,3.48,7.90,0.04,-0.10,0.13
12:14:41.121,23.64,-5.29,3.20,7.36,0.03,-0.07,0.05
12:14:41.155,23.67,-4.99,3.28,7.75,-0.01,-0.10,-0.01
12:14:41.187,23.74,-5.16,3.23,8.08,0.06,-0.06,0.03
12:14:41.253,23.66,-5.17,3.32,7.82,0.03,-0.01,0.02
12:14:41.286,23.68,-4.99,3.42,7.58,0.01,0.00,0.04
12:14:41.319,23.71,-5.12,3.10,7.90,-0.00,0.01,0.02
12:14:41.385,23.66,-5.01,3.11,7.62,-0.00,0.03,0.00
12:14:41.418,23.66,-5.16,3.23,7.82,-0.00,0.05,0.00
12:14:41.451,23.67,-5.10,2.97,7.56,0.01,0.05,0.00
12:14:41.518,23.66,-5.22,3.24,7.81,0.02,0.01,0.01
12:14:41.550,23.66,-5.12,3.23,7.71,0.01,0.03,-0.00
12:14:41.583,23.70,-5.28,3.21,7.75,0.01,0.03,-0.00
12:14:41.649,23.66,-5.19,3.15,7.58,0.01,0.04,0.00
12:14:41.682,23.66,-5.33,3.32,7.81,0.01,0.02,0.01
12:14:41.715,23.71,-5.25,3.19,7.64,0.00,0.03,-0.00
12:14:41.781,23.67,-5.30,3.13,7.67,0.01,0.02,0.00
12:14:41.815,23.70,-5.28,3.11,7.65,0.01,0.02,0.00
12:14:41.848,23.68,-5.29,3.15,7.69,0.01,0.00,0.02
12:14:41.915,23.71,-5.31,3.13,7.61,0.01,0.01,0.01
12:14:41.948,23.73,-5.30,3.12,7.57,0.01,-0.00,0.02
12:14:41.981,23.68,-5.36,3.17,7.62,0.01,-0.00,0.01
12:14:42.047,23.72,-5.32,3.17,7.58,0.02,-0.02,0.02
12:14:42.080,23.66,-5.37,3.22,7.66,0.01,-0.02,0.02
12:14:42.112,23.71,-5.30,3.09,7.56,0.01,-0.02,0.02
12:14:42.179,23.70,-5.35,3.18,7.69,0.01,-0.03,0.03
12:14:42.211,23.71,-5.23,3.11,7.58,0.01,-0.03,0.03
12:14:42.244,23.66,-5.28,3.18,7.74,0.02,-0.03,0.03
12:14:42.310,23.69,-5.21,3.10,7.61,0.01,-0.03,0.03
12:14:42.343,23.73,-5.28,3.17,7.72,0.02,-0.03,0.03
12:14:42.376,23.71,-5.21,3.13,7.62,0.01,-0.03,0.03
12:14:42.442,23.66,-5.27,3.19,7.70,0.02,-0.02,0.03
12:14:42.475,23.67,-5.23,3.18,7.61,0.01,-0.01,0.02
12:14:42.508,23.69,-5.26,3.23,7.68,0.02,-0.02,0.02
12:14:42.574,23.64,-5.23,3.22,7.66,0.01,-0.01,0.02
12:14:42.607,23.67,-5.24,3.21,7.68,0.01,-0.00,0.02
12:14:42.640,23.71,-5.16,3.23,7.70,0.01,0.00,0.01
12:14:42.706,23.68,-5.21,3.15,7.70,0.01,0.00,0.02
12:14:42.739,23.66,-5.22,3.17,7.71,0.01,0.01,0.01
12:14:42.772,23.67,-5.21,3.15,7.67,0.01,0.01,0.01
12:14:42.838,23.67,-5.27,3.12,7.71,0.01,0.01,0.01
12:14:42.871,23.66,-5.26,3.14,7.61,0.01,0.01,0.01
12:14:42.904,23.71,-5.28,3.17,7.66,0.01,0.01,0.01
12:14:42.970,23.68,-5.29,3.17,7.51,0.01,0.01,0.01
12:14:43.003,23.71,-5.30,3.22,7.66,0.01,0.00,0.01
12:14:43.036,23.71,-5.25,3.16,7.59,0.01,0.00,0.01
12:14:43.102,23.67,-5.29,3.20,7.70,0.01,-0.00,0.02
12:14:43.135,23.68,-5.24,3.14,7.64,0.01,0.00,0.02
12:14:43.168,23.68,-5.28,3.18,7.66,0.01,-0.00,0.02
12:14:43.233,23.67,-5.25,3.09,7.64,0.01,-0.01,0.01
12:14:43.266,23.64,-5.29,3.16,7.68,0.01,-0.01,0.02
12:14:43.299,23.66,-5.28,3.15,7.65,0.01,-0.01,0.02
12:14:43.365,23.72,-5.29,3.18,7.64,0.02,-0.01,0.02
12:14:43.398,23.67,-5.28,3.18,7.60,0.01,-0.01,0.02
12:14:43.430,23.65,-5.33,3.11,7.80,0.00,-0.01,0.01
12:14:43.495,23.67,-5.55,2.88,6.82,-0.02,0.22,-0.09
12:14:43.528,23.71,-5.49,2.62,6.57,-0.01,0.16,-0.03
12:14:43.561,23.67,-5.40,2.79,7.03,0.01,0.08,-0.02
12:14:43.627,23.71,-5.34,2.96,7.26,0.01,0.02,0.01
12:14:43.660,23.68,-5.29,3.05,7.59,0.01,0.02,0.01
12:14:43.693,23.71,-5.29,3.06,7.48,0.02,-0.00,0.02
12:14:43.759,23.69,-5.25,3.12,7.62,0.01,-0.01,0.02
12:14:43.792,23.74,-5.24,3.13,7.58,0.01,-0.01,0.02
12:14:43.824,23.71,-5.26,3.21,7.68,0.02,-0.01,0.02
12:14:43.890,23.70,-5.23,3.21,7.66,0.01,-0.00,0.02
12:14:43.922,23.68,-5.24,3.22,7.69,0.01,-0.01,0.02
12:14:43.954,23.69,-5.22,3.19,7.65,0.01,0.00,0.02
12:14:44.020,23.69,-5.24,3.19,7.69,0.01,0.00,0.01
12:14:44.053,23.68,-5.24,3.17,7.69,0.01,0.00,0.02
12:14:44.085,23.67,-5.25,3.15,7.67,0.01,0.00,0.01
12:14:44.152,23.72,-5.25,3.13,7.65,0.01,0.00,0.01
12:14:44.184,23.66,-5.27,3.13,7.64,0.01,0.00,0.01
12:14:44.216,23.69,-5.28,3.17,7.65,0.01,0.00,0.01
12:14:44.282,23.68,-5.26,3.17,7.64,0.01,0.00,0.02
12:14:44.315,23.69,-5.28,3.20,7.64,0.01,-0.00,0.02
12:14:44.347,23.72,-5.23,3.32,7.68,0.01,-0.03,0.02
12:14:44.413,23.64,-5.08,2.98,7.93,0.00,-0.04,0.01
12:14:44.446,23.68,-5.22,3.21,7.71,0.01,-0.02,0.03
12:14:44.478,23.68,-5.32,3.24,7.65,0.01,-0.00,0.02
12:14:44.545,23.67,-5.22,3.19,7.68,0.01,-0.01,0.02
12:14:44.578,23.64,-5.32,3.16,7.66,0.01,-0.00,0.02
12:14:44.610,23.69,-5.31,3.17,7.61,0.02,-0.00,0.02
12:14:44.676,23.68,-5.30,3.19,7.63,0.02,-0.00,0.02
12:14:44.709,23.67,-5.23,3.15,7.62,0.01,-0.00,0.01
12:14:44.775,23.65,-5.32,3.15,7.67,0.01,-0.00,0.02
12:14:44.809,23.62,-5.10,3.23,7.76,0.01,-0.03,0.01
12:14:44.842,23.70,-5.23,3.26,7.55,0.02,0.02,0.03
12:14:44.907,23.69,-5.07,3.25,7.81,0.01,-0.01,0.02
12:14:44.941,23.68,-5.39,3.16,7.54,0.01,0.01,0.01
12:14:44.973,23.70,-5.31,3.28,7.46,0.01,-0.01,0.01
12:14:45.039,23.70,-5.26,3.15,7.55,0.02,0.01,0.01
12:14:45.071,23.70,-4.89,2.90,7.95,0.00,-0.04,0.02
12:14:45.104,23.71,-5.12,3.32,7.70,0.01,-0.01,0.02
12:14:45.170,23.68,-5.18,3.24,7.70,0.02,0.01,0.01
12:14:45.203,23.68,-5.17,3.15,7.80,0.00,-0.03,0.01
12:14:45.236,23.70,-5.25,3.13,7.64,0.01,0.00,0.01
12:14:45.302,23.68,-3.95,6.89,8.48,0.30,-0.34,0.22
12:14:45.335,23.70,-4.78,6.17,10.86,-0.13,-0.43,0.52
12:14:45.369,23.68,-5.36,8.49,10.78,-0.32,-0.08,-0.06
12:14:45.434,23.70,-5.22,6.33,12.15,-0.11,-0.96,0.72
12:14:45.467,23.70,-5.43,2.70,8.00,0.02,-0.05,-0.04
12:14:45.500,23.68,-5.58,1.56,6.51,0.03,0.02,0.03
12:14:45.566,23.71,-5.61,3.66,8.01,0.00,-0.30,0.13
12:14:45.599,23.72,-5.54,3.52,8.39,0.06,-0.07,0.05
12:14:45.632,23.70,-5.69,3.36,7.66,0.04,-0.09,0.06
12:14:45.698,23.64,-8.11,6.55,3.99,-0.11,0.77,-0.10
12:14:45.731,23.66,-7.10,5.95,5.31,0.38,0.18,0.26
12:14:45.764,23.68,-5.02,1.98,6.17,-0.17,0.62,-0.26
12:14:45.830,23.73,-6.73,-2.36,1.29,0.00,0.54,-0.40
12:14:45.864,23.68,-8.83,0.82,-0.78,0.09,0.99,-0.59
12:14:45.896,23.69,-7.58,2.25,4.60,0.04,1.20,-0.58
12:14:45.962,23.69,-7.42,0.24,1.19,0.06,0.53,-0.24
12:14:45.995,23.68,-7.30,1.15,3.53,0.05,0.94,-0.44
12:14:46.028,23.70,-6.92,0.69,2.90,-0.04,0.26,-0.16
12:14:46.094,23.67,-7.18,0.91,3.41,0.02,-0.08,0.08
12:14:46.127,23.66,-7.04,1.05,2.74,0.01,0.48,-0.24
12:14:46.161,23.72,-6.95,1.40,4.32,0.01,-0.01,-0.04
12:14:46.226,23.72,-6.14,2.53,6.34,0.03,-0.21,0.14
12:14:46.259,23.67,-6.67,2.58,6.16,0.01,-0.01,0.03
12:14:46.292,23.70,-6.10,2.50,6.51,0.00,-0.15,0.07
12:14:46.358,23.66,-6.22,2.90,7.30,0.04,-0.17,0.10
12:14:46.391,23.71,-6.04,2.64,6.83,0.02,-0.13,0.07
12:14:46.424,23.71,-6.13,2.97,7.16,0.03,-0.16,0.09
12:14:46.490,23.67,-5.75,2.97,7.29,0.01,-0.19,0.10
12:14:46.523,23.65,-5.89,3.15,7.38,0.03,-0.19,0.11
12:14:46.556,23.72,-5.74,3.17,7.35,0.02,-0.13,0.06
12:14:46.622,23.74,-5.73,3.19,7.49,0.03,-0.13,0.07
12:14:46.655,23.68,-5.77,3.12,7.46,0.01,-0.11,0.05
12:14:46.687,23.67,-5.67,3.04,7.47,0.02,-0.11,0.06
12:14:46.753,23.69,-5.78,3.13,7.55,0.02,-0.08,0.05
12:14:46.785,23.68,-5.62,2.89,7.34,0.02,-0.07,0.04
12:14:46.817,23.67,-5.73,3.06,7.55,0.01,-0.04,0.03
12:14:46.881,23.66,-5.55,2.97,7.37,0.01,-0.03,0.03
12:14:46.914,23.65,-5.69,3.22,7.57,0.01,0.00,0.02
12:14:46.946,23.66,-5.50,3.07,7.34,0.01,0.01,0.01
12:14:47.012,23.68,-5.66,3.23,7.56,0.01,0.02,0.01
12:14:47.044,23.70,-5.54,3.11,7.34,0.01,0.04,-0.00
12:14:47.076,23.73,-5.76,3.15,7.49,0.01,0.04,-0.00
12:14:47.141,23.69,-5.67,3.01,7.28,0.01,0.06,-0.01
12:14:47.174,23.72,-5.83,3.04,7.40,0.01,0.05,0.00
12:14:47.206,23.71,-5.75,2.96,7.25,0.00,0.06,-0.01
12:14:47.272,23.66,-5.83,3.00,7.36,0.01,0.05,0.00
12:14:47.305,23.71,-5.78,2.97,7.26,0.01,0.06,-0.01
12:14:47.338,23.68,-5.77,2.99,7.32,0.01,0.04,0.00
12:14:47.404,23.65,-5.80,3.07,7.32,0.01,0.04,-0.01
12:14:47.437,23.67,-5.80,3.03,7.25,0.02,0.03,0.01
12:14:47.503,23.70,-11.05,0.73,2.27,-0.08,0.95,-0.39
12:14:47.535,23.70,-7.85,0.09,1.47,-0.03,1.90,-0.78
12:14:47.568,23.68,-4.14,0.91,8.20,-0.00,-1.13,0.15
12:14:47.634,23.68,-5.38,3.24,12.49,0.03,-0.37,0.24
12:14:47.666,23.67,-6.36,2.75,7.14,-0.08,1.04,-0.51
12:14:47.699,23.68,-8.33,0.11,-1.38,-0.01,0.63,-0.16
12:14:47.765,23.72,-9.04,1.43,-1.05,0.02,1.17,-0.41
12:14:47.798,23.69,-5.79,-0.75,3.30,-0.01,-0.13,-0.03
12:14:47.831,23.69,-5.47,4.51,9.36,0.02,-0.02,0.06
12:14:47.897,23.71,-5.49,2.84,7.62,0.05,-0.60,0.30
12:14:47.930,23.66,-5.78,4.07,9.10,0.04,-0.31,0.15
12:14:47.962,23.69,-5.71,3.22,7.59,0.02,-0.07,0.03
12:14:48.028,23.69,-6.02,2.80,6.79,0.02,-0.01,0.03
12:14:48.061,23.69,-5.85,3.00,7.22,0.02,-0.06,0.04
12:14:48.094,23.73,-5.99,2.99,7.30,0.02,-0.06,0.05
12:14:48.160,23.69,-5.82,3.11,7.45,0.01,-0.05,0.04
12:14:48.193,23.70,-5.90,2.85,7.37,0.01,-0.03,0.03
12:14:48.226,23.70,-5.84,3.04,7.28,0.02,-0.04,0.03
12:14:48.291,23.65,-5.69,2.96,7.51,0.01,-0.06,0.04
12:14:48.324,23.69,-5.72,3.14,7.45,0.01,-0.02,0.02
12:14:48.357,23.66,-5.77,2.87,7.49,0.01,-0.04,0.03
12:14:48.423,23.67,-5.86,3.04,7.22,0.01,-0.01,0.01
12:14:48.456,23.71,-5.83,3.03,7.26,0.02,-0.02,0.02
12:14:48.489,23.66,-5.89,3.23,7.40,0.02,-0.02,0.03
12:14:48.555,23.70,-5.80,2.94,7.04,0.01,0.01,0.01
12:14:48.588,23.71,-5.88,2.90,7.42,0.00,0.07,-0.02
12:14:48.620,23.68,-5.72,2.61,6.83,0.00,0.03,0.00
12:14:48.686,23.67,-5.84,3.21,7.22,0.02,-0.01,0.03
12:14:48.718,23.70,-5.63,2.86,7.20,0.01,-0.00,0.01
12:14:48.750,23.68,-5.78,3.16,7.25,0.02,0.01,0.02
12:14:48.816,23.70,-5.75,3.08,7.25,0.02,-0.02,0.03
12:14:48.849,23.69,-5.83,3.29,7.21,0.02,-0.00,0.02
12:14:48.881,23.72,-5.70,3.08,7.41,0.01,0.00,0.02
12:14:48.947,23.70,-5.78,3.04,7.45,0.01,0.00,0.02
12:14:48.980,23.68,-5.77,2.89,7.42,0.00,0.00,0.01
12:14:49.012,23.67,-5.73,2.96,7.51,0.01,-0.00,0.02
12:14:49.078,23.68,-5.66,2.97,7.35,0.01,0.01,0.01
12:14:49.111,23.68,-5.75,3.04,7.25,0.01,0.01,0.01
12:14:49.143,23.69,-5.81,3.08,7.35,0.01,0.02,0.01
12:14:49.209,23.70,-5.71,3.02,7.29,0.01,0.01,0.01
12:14:49.242,23.71,-5.87,3.15,7.28,0.01,0.01,0.01
12:14:49.274,23.68,-5.77,3.06,7.18,0.01,0.00,0.01
12:14:49.340,23.64,-5.90,2.96,7.36,0.01,-0.00,0.02
12:14:49.373,23.69,-5.84,3.02,7.14,0.01,0.00,0.02
12:14:49.438,23.72,-5.88,3.18,7.29,0.02,-0.00,0.02
12:14:49.471,23.66,-5.71,3.09,7.25,0.01,-0.00,0.02
12:14:49.504,23.67,-5.81,3.02,7.48,0.01,-0.02,0.03
12:14:49.570,23.70,-5.80,2.87,7.29,0.01,-0.01,0.02
12:14:49.603,23.66,-5.78,3.01,7.46,0.01,-0.02,0.03
12:14:49.636,23.67,-5.77,2.91,7.30,0.01,-0.01,0.02
12:14:49.702,23.66,-5.86,3.05,7.31,0.01,-0.02,0.02
12:14:49.735,23.68,-5.78,3.15,7.20,0.02,-0.00,0.02
12:14:49.768,23.69,-5.77,3.19,7.32,0.02,-0.01,0.02
12:14:49.834,23.72,-5.90,2.93,7.27,0.01,-0.01,0.02
12:14:49.867,23.69,-5.83,3.07,7.26,0.01,-0.01,0.02
12:14:49.901,23.68,-5.79,3.06,7.30,0.01,0.00,0.02
12:14:49.965,23.68,-5.74,3.03,7.31,0.02,-0.00,0.02
12:14:49.998,23.67,-5.78,3.02,7.37,0.01,-0.00,0.02
12:14:50.031,23.67,-5.76,3.10,7.28,0.02,0.01,0.01
12:14:50.097,23.68,-5.72,2.93,7.32,0.01,0.01,0.01
12:14:50.130,23.67,-5.80,3.12,7.30,0.02,-0.01,0.02
12:14:50.163,23.68,-5.77,3.12,7.41,0.01,-0.01,0.02
12:14:50.229,23.63,-5.78,2.92,7.35,0.01,-0.01,0.02
12:14:50.262,23.71,-5.86,3.01,7.25,0.01,0.01,0.01
12:14:50.294,23.67,-5.74,3.03,7.35,0.01,-0.00,0.02
12:14:50.361,23.68,-5.75,3.05,7.36,0.01,0.00,0.02
12:14:50.394,23.68,-5.69,3.01,7.47,0.01,-0.01,0.02
12:14:50.427,23.72,-5.78,3.05,7.34,0.02,0.01,0.01
12:14:50.493,23.69,-5.73,3.03,7.44,0.01,-0.01,0.02
12:14:50.526,23.68,-5.88,2.99,7.19,0.02,-0.01,0.03
12:14:50.559,23.70,-5.79,3.01,7.38,0.01,-0.02,0.02
12:14:50.625,23.68,-5.86,3.00,7.36,0.01,-0.02,0.03
12:14:50.658,23.65,-8.66,0.70,-1.29,0.11,-0.33,-0.01
12:14:50.691,23.69,-8.43,2.18,1.81,0.05,1.23,-0.74
12:14:50.757,23.69,-8.33,4.56,3.35,0.07,1.85,-0.91
12:14:50.790,23.73,-6.64,0.75,3.72,-0.17,1.51,-0.68
12:14:50.823,23.67,-5.59,3.51,8.96,0.08,0.80,-0.26
12:14:50.889,23.71,-5.92,1.83,4.57,-0.09,0.44,-0.20
12:14:50.922,23.67,-5.26,3.00,7.81,-0.08,0.21,-0.06
12:14:50.955,23.70,-5.55,2.80,7.26,0.03,-0.04,0.07
12:14:51.021,23.74,-5.44,3.51,7.66,0.05,-0.05,-0.01
12:14:51.054,23.67,-5.55,2.98,7.25,0.04,0.11,-0.05
12:14:51.087,23.67,-5.74,3.02,7.29,-0.02,0.16,-0.01
12:14:51.153,23.70,-5.67,3.08,7.18,0.00,0.10,-0.00
12:14:51.186,23.67,-5.63,3.01,7.50,0.02,0.06,-0.01
12:14:52.666,23.80,-5.44,3.28,7.83,0.01,-0.03,0.01
12:14:54.181,23.72,-5.79,3.28,7.56,0.03,-0.08,0.04
12:14:55.697,23.65,-5.44,3.21,7.66,0.00,0.01,-0.01
12:14:57.279,23.63,-5.32,2.81,7.35,-0.00,-0.04,-0.00
12:14:58.828,23.67,-5.50,3.16,7.65,-0.01,0.00,-0.02
12:15:00.380,23.68,-5.44,2.88,7.00,0.00,-0.05,0.01
12:15:01.932,23.67,-5.68,3.01,7.32,0.00,0.00,-0.01
12:15:03.480,23.62,-5.48,2.86,6.97,-0.00,-0.00,-0.01
12:15:05.032,23.58,-5.42,2.87,7.23,-0.02,-0.01,-0.01
12:15:06.582,23.59,-5.31,3.07,7.48,0.00,0.04,0.03
12:15:07.209,23.60,-6.17,2.24,4.33,0.08,0.09,0.11
12:15:07.837,23.60,-5.25,1.88,6.75,-0.01,0.34,-0.15
12:15:08.497,23.60,-5.76,3.22,7.76,0.08,-0.18,0.14
12:15:09.124,23.57,-5.33,2.79,7.70,0.02,0.14,-0.02
12:15:09.750,23.57,-4.62,1.16,6.84,-0.09,0.28,-0.20
12:15:10.410,23.55,-5.50,2.30,5.53,-0.02,0.25,-0.09
12:15:11.039,23.59,-6.66,0.05,0.96,-0.08,0.89,-0.44
12:15:11.665,23.61,-5.68,2.79,7.12,0.07,-0.10,0.14
12:15:12.326,23.59,-5.12,2.46,8.54,0.09,-0.23,0.19
12:15:12.953,23.57,-5.71,2.94,6.75,0.06,-0.05,0.11
12:15:13.580,23.61,-5.50,1.08,4.62,-0.06,0.36,-0.14
12:15:14.240,23.62,-5.66,1.65,5.63,0.00,0.17,-0.01
12:15:14.867,23.61,-5.94,1.82,3.92,-0.07,0.80,-0.33
12:15:15.494,23.55,-4.17,1.48,8.99,-0.15,0.04,-0.14
12:15:16.153,23.59,-4.96,-0.01,4.98,-0.10,0.38,-0.25
12:15:16.779,23.58,-5.93,3.47,7.79,0.11,-0.07,0.17
12:15:17.406,23.55,-5.62,2.24,7.00,0.05,0.02,0.06
12:15:18.066,23.58,-5.51,1.95,7.20,0.06,-0.05,0.09
12:15:18.693,23.55,-6.28,1.49,3.55,-0.01,0.44,-0.09
12:15:19.321,23.61,-5.39,1.84,6.10,-0.01,0.24,-0.06
12:15:19.982,23.55,-5.41,2.31,7.66,0.02,0.27,-0.12
12:15:20.609,23.56,-5.57,1.78,5.43,-0.06,0.56,-0.24
12:15:21.234,23.56,-4.78,1.63,7.30,-0.10,0.20,-0.17
12:15:21.300,23.56,-5.64,2.11,6.16,0.12,0.51,-0.14
12:15:21.332,23.59,-8.64,4.48,2.84,0.04,0.87,-0.22
12:15:21.398,23.57,-7.49,5.84,7.09,-0.43,0.00,-0.06
12:15:21.431,23.52,-6.72,1.20,5.84,-0.13,0.80,-0.24
12:15:21.463,23.61,-5.55,2.67,6.73,0.01,0.37,-0.08
12:15:21.529,23.54,-7.46,5.45,6.15,0.17,0.23,-0.04
12:15:21.562,23.60,-5.19,2.06,6.79,-0.04,0.06,-0.09
12:15:21.594,23.55,-6.17,3.30,7.18,0.02,0.22,-0.05
12:15:21.660,23.62,-5.52,2.88,6.26,0.02,0.08,-0.02
12:15:21.693,23.62,-6.24,3.31,7.28,0.01,0.12,-0.02
12:15:21.725,23.64,-5.68,2.61,6.43,0.00,0.07,0.01
12:15:21.791,23.61,-6.09,3.34,7.44,0.03,-0.01,0.02
12:15:21.823,23.59,-5.29,2.69,7.31,0.02,-0.01,-0.02
12:15:21.887,23.56,-5.94,3.30,7.96,0.04,0.01,0.02
12:15:21.919,23.61,-5.54,2.99,7.44,-0.02,0.02,0.00
12:15:21.952,23.58,-5.87,2.94,7.43,0.01,-0.01,0.04
12:15:22.017,23.56,-5.58,2.95,7.16,0.02,-0.02,0.02
12:15:22.050,23.57,-5.76,3.19,7.47,0.04,-0.05,0.05
12:15:22.082,23.57,-5.57,3.05,7.34,0.01,-0.03,0.01
12:15:22.148,23.59,-5.63,3.13,7.48,0.01,-0.04,0.03
12:15:24.160,23.62,-5.48,3.24,7.96,0.03,-0.03,0.04
12:15:26.172,23.58,-5.44,3.29,7.80,0.03,0.01,0.02
12:15:28.184,23.52,-5.27,3.31,7.89,0.03,-0.02,0.03
12:15:30.232,23.52,-5.31,3.25,7.79,0.03,-0.00,0.03
12:15:32.240,23.53,-5.17,3.16,7.59,0.02,0.00,0.02
12:15:33.659,23.54,-5.28,2.94,6.86,0.01,-0.02,0.04
12:15:35.012,23.51,-5.68,3.51,7.84,-0.03,-0.02,0.04
12:15:36.397,23.49,-5.27,2.91,7.57,-0.01,-0.01,0.01
12:15:37.781,23.48,-5.30,3.22,7.89,-0.03,-0.03,0.02
12:15:39.232,23.45,-5.01,3.09,7.35,0.03,-0.06,0.06
12:15:40.617,23.48,-5.03,2.88,7.32,-0.01,-0.04,0.02
12:15:42.003,23.43,-5.37,3.18,7.80,-0.03,-0.02,0.02
12:15:43.355,23.41,-4.69,3.50,8.32,-0.01,-0.07,0.04
12:15:44.741,23.40,-4.82,3.10,7.33,-0.02,0.03,-0.01
12:15:46.126,23.37,-4.74,3.62,7.81,0.00,-0.05,0.04
12:15:47.509,23.39,-4.96,3.05,7.37,-0.02,0.07,-0.02
12:15:48.929,23.37,-4.59,3.25,7.72,-0.01,-0.05,0.04
12:15:50.280,23.35,-5.08,3.26,7.86,-0.01,0.11,-0.04
12:15:51.665,23.36,-4.64,3.24,8.00,-0.01,-0.06,0.03
12:15:53.051,23.38,-5.75,3.06,7.29,0.00,-0.09,0.06
12:15:54.406,23.32,-5.80,3.01,7.23,0.00,0.04,0.03
12:15:55.792,23.37,-5.91,3.09,7.32,-0.00,-0.01,0.04
12:15:57.176,23.35,-5.85,3.04,7.42,0.00,0.02,0.01
12:15:58.593,23.32,-5.73,3.00,7.29,0.01,0.02,0.01
12:15:59.977,23.32,-5.76,2.92,7.36,-0.02,0.03,0.00
12:16:01.363,23.30,-5.77,3.10,7.46,0.00,-0.02,0.03
12:16:02.717,23.30,-5.91,3.13,7.43,-0.00,0.03,-0.00
12:16:04.103,23.30,-5.34,3.02,7.42,-0.02,0.02,0.00
12:16:05.488,23.33,-5.18,3.41,7.89,-0.01,-0.07,0.05
12:16:06.907,23.29,-4.77,2.85,6.99,-0.03,-0.04,0.06
12:16:08.257,23.32,-5.67,3.25,7.48,-0.05,0.13,-0.02
12:16:09.640,23.34,-5.20,2.60,7.35,-0.05,0.03,0.01
12:16:11.026,23.30,-5.20,3.02,7.27,-0.03,0.05,0.01
12:16:12.445,23.36,-4.84,2.95,6.84,-0.03,0.01,0.02
12:16:13.833,23.32,-5.02,3.29,7.65,-0.05,0.04,-0.02
12:16:15.219,23.32,-5.02,3.23,7.70,-0.04,-0.01,0.03
12:16:16.637,23.33,-9.17,1.44,5.70,0.12,0.02,-0.13
12:16:17.986,23.31,-8.35,-3.61,-1.09,0.30,0.65,-0.73
12:16:19.372,23.36,-8.42,-0.51,4.35,-0.02,0.05,-0.01
12:16:20.759,23.34,-8.47,-0.84,4.45,0.00,-0.00,0.02
12:16:22.144,23.37,-8.33,-0.88,4.37,-0.01,0.05,0.00
12:16:23.495,23.34,-9.54,2.34,3.91,0.06,-0.60,0.44
12:16:24.880,23.38,-1.14,11.92,14.20,-0.29,0.43,0.58
12:16:26.229,23.32,-2.42,4.30,7.88,-0.07,0.23,-0.20
12:16:27.616,23.36,-3.03,3.78,8.40,0.01,-0.00,0.02
12:16:29.002,23.36,-2.92,3.64,8.16,-0.00,0.01,-0.01
12:16:30.389,23.40,-2.85,4.12,8.84,0.03,-0.04,0.03
12:16:31.773,23.37,-2.66,4.00,8.00,-0.01,0.08,-0.02
12:16:33.159,23.34,-2.55,4.50,8.42,-0.14,0.22,-0.12
12:16:34.577,23.37,-2.74,4.37,8.02,-0.08,0.30,-0.22
12:16:35.964,23.39,-2.06,4.19,9.08,-0.09,-0.01,-0.05
12:16:37.351,23.38,-2.73,4.56,9.51,-0.07,-0.12,0.03
12:16:37.383,23.36,-3.21,4.00,8.00,0.07,-0.03,0.06
12:16:37.449,23.39,-3.91,6.21,8.21,0.27,0.10,0.15
12:16:37.482,23.33,-5.41,10.69,7.95,0.83,-0.26,0.61
12:16:37.514,23.38,-0.44,2.01,6.51,-0.08,-0.31,0.35
12:16:37.580,23.39,-2.99,6.23,12.09,0.37,-0.22,0.42
12:16:37.613,23.39,-2.61,7.39,11.96,0.09,-0.07,0.06
12:16:37.645,23.43,-3.04,4.48,7.92,-0.20,0.32,-0.25
12:16:37.711,23.39,-2.55,2.98,6.53,-0.02,0.15,-0.04
12:16:37.744,23.43,-3.22,3.32,7.49,0.02,0.16,-0.05
12:16:37.809,23.39,-2.89,3.86,8.19,-0.01,-0.06,0.04
12:16:37.841,23.41,-2.95,4.05,8.12,0.05,-0.07,0.08
12:16:37.873,23.41,-3.27,4.50,8.51,0.02,0.05,0.04
12:16:37.939,23.38,-3.17,4.23,8.11,0.02,-0.00,0.03
12:16:37.973,23.40,-3.08,4.48,8.32,0.04,0.01,0.02
12:16:38.006,23.36,-2.74,4.50,8.15,0.03,-0.05,0.05
12:16:38.072,23.37,-3.04,4.69,8.81,0.01,-0.02,0.03
12:16:38.105,23.39,-2.93,2.87,9.10,-0.08,0.02,-0.05
12:16:38.137,23.38,-3.73,5.33,9.17,-0.04,0.05,-0.06
12:16:38.202,23.40,-3.21,3.10,9.62,-0.11,0.03,-0.11
12:16:38.235,23.37,-2.83,3.39,8.60,-0.00,0.06,-0.02
12:16:38.268,23.41,-3.32,5.30,8.41,-0.00,0.17,-0.08
12:16:38.341,23.41,-3.02,4.25,7.43,-0.03,0.17,-0.11
12:16:38.373,23.41,-3.65,4.28,8.53,-0.08,0.21,-0.19
12:16:38.406,23.39,-3.16,3.54,8.03,-0.08,0.09,-0.13
12:16:38.438,23.42,-3.54,3.86,8.50,-0.01,0.25,-0.13
12:16:38.503,23.37,-3.72,3.79,7.39,-0.03,0.32,-0.12
12:16:38.537,23.39,-3.81,4.45,7.57,-0.03,0.17,-0.05
12:16:38.569,23.39,-3.66,4.14,7.60,-0.04,0.18,-0.07
12:16:38.635,23.39,-3.76,3.65,7.99,-0.02,0.11,-0.05
12:16:38.668,23.41,-3.83,3.33,8.20,0.00,0.09,-0.05
12:16:38.733,23.41,-4.19,3.67,8.33,0.03,0.05,0.01
12:16:38.766,23.38,-4.35,4.01,8.29,0.00,0.04,-0.01
12:16:38.798,23.39,-4.35,3.91,8.38,-0.01,-0.01,-0.01
12:16:38.864,23.37,-4.06,3.59,8.29,-0.04,0.00,-0.05
12:16:38.897,23.37,-3.61,3.52,7.98,0.00,-0.06,0.01
12:16:38.929,23.37,-4.06,4.35,8.20,0.01,-0.02,0.01
12:16:38.995,23.36,-3.83,4.07,7.61,-0.00,-0.06,0.03
12:16:39.028,23.34,-4.27,3.99,8.68,-0.04,-0.05,-0.01
12:16:39.061,23.37,-3.77,3.43,8.00,-0.04,-0.01,-0.03
12:16:39.127,23.36,-4.17,3.93,8.44,0.00,0.01,0.01
12:16:39.159,23.35,-4.19,3.70,7.59,-0.02,0.08,-0.01
12:16:39.191,23.35,-4.22,3.89,7.94,-0.00,0.03,-0.00
12:16:39.257,23.41,-4.06,3.78,8.21,-0.03,0.07,-0.05
12:16:39.289,23.38,-4.11,3.82,8.29,0.01,0.05,0.01
12:16:39.322,23.36,-4.24,3.97,8.74,-0.01,0.09,-0.04
12:16:39.388,23.39,-4.21,3.93,8.15,-0.03,0.12,-0.06
12:16:39.420,23.37,-4.46,3.94,8.20,-0.05,0.13,-0.08
12:16:39.453,23.36,-4.55,3.57,8.17,-0.06,0.14,-0.10
12:16:39.518,23.38,-4.62,3.55,8.89,-0.07,0.17,-0.13
12:16:39.550,23.37,-4.48,3.38,8.26,-0.08,0.23,-0.13
12:16:39.582,23.36,-4.99,3.98,8.61,-0.08,0.29,-0.14
12:16:39.648,23.37,-5.00,3.91,8.48,-0.15,0.33,-0.23
12:16:39.681,23.38,-5.14,3.54,8.65,-0.16,0.37,-0.26
12:16:39.713,23.37,-5.02,3.69,8.62,-0.18,0.44,-0.28
12:16:39.779,23.37,-5.12,3.51,7.23,-0.18,0.55,-0.29
12:16:39.811,23.37,-5.10,3.19,6.25,-0.20,0.56,-0.30
12:16:39.876,23.34,-5.83,2.42,6.00,-0.17,0.42,-0.23
12:16:39.909,23.38,-5.85,0.94,3.91,-0.14,0.80,-0.38
12:16:39.941,23.34,-5.30,0.94,3.88,-0.10,0.87,-0.35
12:16:40.005,23.37,-5.65,0.30,5.16,-0.03,0.61,-0.23
12:16:40.039,23.40,-6.30,2.25,6.27,0.09,0.47,-0.07
12:16:40.071,23.38,-6.83,2.97,5.93,0.12,0.50,-0.05
12:16:40.136,23.36,-7.74,2.24,6.95,0.16,0.41,-0.03
12:16:40.169,23.37,-6.66,2.30,10.81,0.05,0.15,-0.07
12:16:40.201,23.37,-6.35,3.81,12.13,-0.04,-0.05,0.05
12:16:40.267,23.34,-6.90,2.07,6.30,0.01,0.25,-0.16
12:16:40.300,23.35,-5.95,3.21,7.51,0.06,-0.22,0.10
12:16:40.332,23.40,-6.17,2.52,6.81,0.04,-0.03,0.02
12:16:40.397,23.36,-6.39,2.59,6.59,0.03,-0.00,0.03
12:16:40.431,23.38,-6.54,2.30,7.67,0.09,-0.15,0.17
12:16:40.465,23.43,-6.45,2.50,6.95,0.06,-0.09,0.14
12:16:40.529,23.41,-7.27,2.95,6.42,0.08,-0.05,0.14
12:16:40.562,23.38,-6.43,3.79,7.48,0.03,-0.27,0.17
12:16:40.594,23.40,-5.98,2.51,7.41,0.07,-0.08,0.08
12:16:40.659,23.37,-6.06,2.58,7.48,0.09,-0.24,0.16
12:16:40.692,23.39,-5.95,3.43,8.42,0.10,-0.32,0.23
12:16:40.725,23.36,-6.40,3.30,7.21,0.05,-0.20,0.14
12:16:40.791,23.34,-6.15,2.42,6.84,0.04,-0.29,0.16
12:16:40.823,23.37,-6.29,2.54,7.18,0.03,-0.25,0.14
12:16:40.888,23.39,-6.31,2.53,7.18,0.04,-0.32,0.16
12:16:40.922,23.41,-6.31,2.79,7.64,0.05,-0.33,0.16
12:16:40.954,23.36,-6.12,3.19,7.40,0.03,-0.32,0.15
12:16:41.020,23.37,-5.30,3.30,7.24,0.03,-0.36,0.17
12:16:41.053,23.36,-5.03,3.34,7.37,0.03,-0.34,0.16
12:16:41.085,23.34,-5.00,3.36,7.66,0.06,-0.35,0.18
12:16:41.151,23.39,-5.17,3.55,8.20,0.03,-0.33,0.15
12:16:41.184,23.36,-5.02,3.60,7.67,0.03,-0.32,0.17
12:16:41.216,23.40,-4.67,3.28,8.05,0.01,-0.31,0.15
12:16:41.282,23.38,-5.57,2.02,6.24,0.04,-0.15,0.10
12:16:41.315,23.39,-5.00,2.25,7.38,0.07,-0.11,0.11
12:16:41.347,23.38,-4.62,4.01,8.63,0.08,-0.12,0.12
12:16:41.413,23.35,-4.38,3.55,7.86,0.04,-0.08,0.06
12:16:41.446,23.32,-4.46,3.31,7.63,0.00,0.11,-0.05
12:16:41.478,23.37,-4.31,3.34,8.32,-0.02,0.04,-0.03
12:16:41.544,23.39,-4.58,3.57,8.24,-0.01,0.11,-0.03
12:16:41.577,23.38,-4.48,3.57,8.13,0.00,0.04,0.00
12:16:41.609,23.39,-4.81,3.03,7.61,-0.01,0.17,-0.07
12:16:41.675,23.40,-5.04,3.10,7.37,0.00,0.17,-0.05
12:16:41.707,23.39,-5.02,3.24,7.64,0.02,0.09,-0.02
12:16:41.738,23.35,-4.95,3.03,7.82,0.01,0.06,-0.01
12:16:41.804,23.37,-5.08,3.27,7.83,0.01,0.07,-0.02
12:16:41.838,23.38,-4.78,3.13,7.64,0.02,0.03,-0.00
12:16:41.870,23.37,-4.76,3.28,7.99,0.02,0.02,0.01
12:16:41.935,23.38,-4.75,3.34,7.79,0.02,0.03,0.01
12:16:41.968,23.39,-4.94,3.61,7.90,0.02,-0.01,0.02
12:16:42.033,23.36,-4.85,3.42,7.82,0.00,-0.01,0.01
12:16:42.066,23.40,-4.91,3.35,7.88,0.01,-0.02,0.02
12:16:42.098,23.39,-4.92,3.24,7.64,0.01,-0.02,0.03
12:16:42.164,23.40,-5.08,3.43,7.79,0.02,-0.04,0.04
12:16:42.197,23.39,-5.13,3.16,7.71,0.01,0.00,0.02
12:16:42.229,23.39,-5.01,3.15,7.56,0.02,-0.01,0.03
12:16:42.295,23.34,-4.72,3.15,7.85,0.01,-0.04,0.04
12:16:42.328,23.39,-4.79,3.49,8.05,0.03,-0.05,0.05
12:16:42.360,23.38,-4.67,3.45,7.99,0.02,-0.04,0.03
12:16:42.426,23.36,-4.66,3.50,8.03,0.01,-0.06,0.04
12:16:42.459,23.38,-4.65,3.38,7.92,0.01,-0.06,0.04
12:16:42.491,23.37,-4.70,3.34,7.97,0.01,-0.06,0.04
12:16:42.557,23.35,-4.83,3.45,7.96,0.01,-0.03,0.03
12:16:42.590,23.36,-4.93,3.32,7.62,0.02,0.02,0.01
12:16:42.622,23.39,-4.78,3.21,7.81,0.01,-0.01,0.02
12:16:42.689,23.38,-4.74,3.17,7.62,0.02,0.02,0.02
12:16:42.723,23.39,-4.70,3.52,8.29,0.02,-0.00,0.02
12:16:42.755,23.40,-4.56,3.38,8.07,0.02,0.01,0.02
12:16:42.822,23.35,-4.47,3.42,8.18,-0.03,-0.01,0.00
12:16:42.855,23.38,-3.72,3.49,8.89,-0.06,-0.06,0.17
12:16:42.887,23.36,-4.49,4.11,8.22,-0.10,0.22,0.31
12:16:42.953,23.40,-4.20,3.33,8.05,-0.34,0.19,0.48
12:16:42.987,23.38,-4.99,4.02,8.12,-0.40,0.19,0.68
12:16:43.020,23.36,-5.21,3.54,7.98,-0.47,0.28,0.76
12:16:43.085,23.40,-4.58,2.52,8.56,-0.58,0.19,0.73
12:16:43.118,23.41,-4.56,2.61,8.30,-0.63,0.30,0.69
12:16:43.151,23.37,-3.46,2.45,8.82,-0.71,0.23,0.70
12:16:43.216,23.36,-1.35,6.44,11.11,-0.67,0.18,0.89
12:16:43.249,23.37,-3.47,5.30,5.70,-0.61,0.11,1.03
12:16:43.281,23.39,-3.47,4.10,7.10,-0.68,0.62,0.84
12:16:43.346,23.40,-5.17,3.38,7.50,-0.59,0.40,0.87
12:16:43.380,23.39,-5.89,1.67,9.39,-0.44,0.53,0.76
12:16:43.412,23.40,-10.45,11.21,11.63,-0.25,0.71,0.73
12:16:43.477,23.36,-4.67,-2.19,4.99,-0.21,1.25,0.08
12:16:43.510,23.33,-3.25,-0.14,7.61,-0.50,0.34,0.32
12:16:43.542,23.36,-6.91,0.65,7.87,0.13,0.51,0.57
12:16:43.608,23.42,-3.31,3.47,9.68,0.06,0.24,0.34
12:16:43.641,23.37,-6.45,5.10,8.78,0.04,0.45,0.12
12:16:43.673,23.37,-5.32,1.64,4.98,0.07,0.71,-0.32
12:16:43.739,23.34,-4.86,3.47,8.51,0.15,0.01,-0.09
12:16:43.772,23.37,-5.24,4.30,7.39,0.22,0.22,-0.18
12:16:43.837,23.34,-3.22,2.13,9.06,0.09,0.11,-0.30
12:16:43.869,23.35,-4.81,2.70,7.36,0.14,0.36,-0.32
12:16:43.902,23.43,-5.19,2.57,7.67,0.06,-0.03,-0.25
12:16:43.969,23.38,-5.57,2.99,8.44,0.10,0.10,-0.26
12:16:44.001,23.36,-6.01,2.30,7.31,0.16,0.16,-0.29
12:16:44.033,23.37,-6.23,3.80,6.50,0.22,0.10,-0.27
12:16:44.099,23.32,-6.70,6.14,5.48,0.30,0.10,-0.22
12:16:44.132,23.36,-7.12,5.70,5.74,0.31,-0.02,-0.25
12:16:44.165,23.41,-6.10,4.84,7.42,0.17,-0.10,-0.33
12:16:44.232,23.42,-5.58,3.71,8.01,0.06,-0.04,-0.29
12:16:44.265,23.34,-5.74,3.80,8.09,0.14,-0.01,-0.10
12:16:44.298,23.37,-5.95,2.91,7.23,0.10,0.09,-0.10
12:16:44.363,23.37,-5.78,2.72,6.86,0.04,0.15,-0.10
12:16:44.396,23.35,-6.64,6.93,8.33,0.06,-0.17,0.19
12:16:44.428,23.40,-6.51,4.65,6.64,-0.03,0.18,-0.06
12:16:44.493,23.36,-6.11,3.59,6.59,-0.05,0.01,0.04
12:16:44.526,23.34,-6.24,3.78,5.96,-0.02,0.18,0.03
12:16:44.559,23.35,-4.80,7.08,5.76,0.03,0.00,0.27
12:16:44.625,23.39,-6.72,1.82,5.71,-0.18,0.15,0.25
12:16:44.658,23.33,-6.06,3.66,8.75,-0.16,-0.38,0.37
12:16:44.690,23.36,-6.54,3.26,6.31,-0.11,0.44,0.12
12:16:44.757,23.36,-5.75,3.84,6.95,-0.14,-0.23,0.25
12:16:44.790,23.37,-6.27,3.81,7.78,0.02,0.07,0.07
12:16:44.822,23.36,-5.39,1.44,7.76,-0.02,-0.15,-0.06
12:16:44.888,23.37,-5.63,0.71,10.43,0.07,-0.27,-0.14
12:16:44.921,23.38,-4.26,-0.42,4.91,0.17,0.26,-0.33
12:16:44.953,23.41,-5.03,4.67,7.49,0.07,-0.26,-0.03
12:16:45.019,23.35,-6.00,3.84,7.60,0.28,-0.23,-0.13
12:16:45.052,23.36,-5.32,3.26,9.43,0.27,-0.29,-0.27
12:16:45.084,23.43,-5.97,2.66,7.33,0.35,-0.21,-0.33
12:16:45.150,23.37,-6.62,3.08,6.61,0.38,-0.12,-0.39
12:16:45.183,23.36,-5.50,3.05,8.83,0.30,-0.21,-0.40
12:16:45.215,23.35,-5.74,3.94,7.82,0.28,-0.16,-0.35
12:16:45.282,23.37,-5.61,3.03,7.62,0.27,-0.00,-0.36
12:16:45.315,23.35,-5.94,2.36,7.17,0.15,-0.00,-0.36
12:16:45.347,23.36,-5.61,2.33,7.25,0.15,0.03,-0.28
12:16:45.413,23.39,-6.58,1.70,6.47,0.14,0.05,-0.22
12:16:45.447,23.39,-6.51,1.54,6.93,0.12,-0.01,-0.15
12:16:45.480,23.34,-6.26,1.51,7.17,0.07,-0.04,-0.11
12:16:45.545,23.36,-6.51,2.91,6.79,0.09,-0.06,-0.00
12:16:45.578,23.33,-5.87,3.39,7.51,0.05,-0.02,0.00
12:16:45.610,23.34,-5.55,3.46,7.21,-0.00,0.00,0.02
12:16:45.677,23.32,-6.34,4.08,7.18,0.02,0.02,0.05
12:16:45.710,23.43,-4.52,3.60,7.28,-0.09,-0.18,0.08
12:16:45.743,23.37,-4.80,2.68,8.18,-0.06,0.08,0.15
12:16:45.808,23.40,-5.91,2.55,7.69,-0.07,0.12,0.12
12:16:45.842,23.36,-7.43,3.65,6.14,0.04,0.07,0.12
12:16:45.874,23.36,-7.66,2.77,7.01,0.05,0.00,-0.11
12:16:45.939,23.34,-6.25,2.15,6.21,0.11,0.15,-0.20
12:16:45.973,23.39,-5.73,2.31,7.55,0.04,0.01,-0.17
12:16:46.005,23.33,-5.81,2.44,7.94,0.03,0.01,-0.08
12:16:46.070,23.40,-8.15,7.18,3.81,0.25,0.31,0.10
12:16:46.102,23.38,-6.03,4.28,7.50,0.10,-0.21,0.15
12:16:46.166,23.35,-5.61,4.15,7.71,-0.03,0.07,-0.05
12:16:46.198,23.42,-5.49,3.33,7.13,-0.04,0.09,-0.01
12:16:46.230,23.36,-5.79,3.33,7.08,-0.00,0.02,0.04
12:16:46.295,23.36,-5.93,3.27,7.37,0.03,-0.03,0.01
12:16:46.330,23.37,-5.91,2.76,6.97,0.01,-0.01,0.00
12:16:46.363,23.33,-6.29,2.72,6.93,0.00,0.02,0.00
12:16:46.428,23.37,-6.18,2.54,7.32,-0.01,-0.01,0.00
12:16:46.461,23.38,-6.22,2.65,7.13,0.02,0.00,0.02
12:16:46.493,23.39,-6.05,2.79,7.25,0.02,-0.02,0.02
12:16:46.558,23.36,-5.69,3.01,7.45,0.01,-0.03,0.03
12:16:46.592,23.39,-5.70,3.27,7.44,0.02,-0.03,0.04
12:16:46.625,23.39,-5.64,3.39,7.37,0.02,-0.03,0.02
12:16:46.691,23.38,-5.68,3.35,7.35,0.02,-0.03,0.02
12:16:46.724,23.38,-5.84,3.26,7.33,0.02,-0.03,0.02
12:16:46.757,23.38,-6.01,3.10,7.19,0.01,-0.03,0.02
12:16:46.823,23.37,-6.11,2.73,7.15,0.01,-0.01,0.02
12:16:46.856,23.39,-6.15,2.68,7.12,0.01,-0.01,0.02
12:16:46.890,23.40,-6.22,2.89,7.06,0.03,-0.02,0.04
12:16:46.956,23.36,-5.95,3.06,7.77,0.03,-0.09,0.06
12:16:46.989,23.37,-5.91,3.04,7.27,0.01,0.07,-0.01
12:16:47.022,23.41,-5.68,2.98,7.10,0.02,0.01,0.02
12:16:47.088,23.40,-5.66,3.18,7.28,0.02,-0.00,0.02
12:16:47.121,23.37,-5.66,3.26,7.42,0.02,-0.01,0.02
12:16:47.154,23.37,-5.83,3.17,7.25,0.01,0.00,0.01
12:16:47.220,23.41,-5.98,3.06,7.14,0.01,0.00,0.01
12:16:47.253,23.39,-6.10,2.92,7.12,0.01,0.00,0.01
12:16:47.286,23.33,-6.14,2.81,7.13,0.01,0.00,0.01
12:16:47.352,23.39,-6.12,2.78,7.16,0.01,0.01,0.02
12:16:47.385,23.38,-5.98,2.81,7.22,0.01,0.01,0.01
12:16:47.418,23.38,-5.83,2.91,7.34,0.01,0.01,0.01
12:16:47.484,23.43,-5.73,3.00,7.37,0.01,0.00,0.01
12:16:47.517,23.37,-5.69,3.13,7.40,0.01,-0.00,0.02
12:16:47.550,23.39,-5.71,3.17,7.32,0.01,-0.01,0.02
12:16:47.615,23.42,-5.84,3.12,7.24,0.02,-0.01,0.02
12:16:47.649,23.36,-5.99,3.04,7.15,0.01,-0.01,0.02
12:16:47.682,23.42,-6.08,2.96,7.11,0.01,-0.01,0.02
12:16:47.749,23.38,-6.12,2.88,7.09,0.01,-0.01,0.02
12:16:47.781,23.40,-6.10,2.86,7.15,0.01,-0.01,0.02
12:16:47.814,23.38,-6.01,2.86,7.23,0.01,-0.01,0.02
12:16:47.880,23.37,-5.87,2.91,7.31,0.01,-0.00,0.02
12:16:47.914,23.38,-5.74,3.00,7.39,0.01,-0.01,0.02
12:16:47.947,23.33,-5.68,3.07,7.40,0.01,-0.01,0.02
12:16:48.012,23.39,-5.74,3.10,7.36,0.01,-0.01,0.02
12:16:48.045,23.35,-5.84,3.08,7.25,0.01,-0.01,0.02
12:16:48.077,23.35,-5.96,3.04,7.20,0.01,-0.01,0.02
12:16:48.143,23.37,-6.06,2.97,7.12,0.01,-0.00,0.02
12:16:48.176,23.38,-6.10,2.94,7.13,0.01,-0.00,0.02
12:16:48.209,23.36,-6.07,2.90,7.13,0.01,0.00,0.02
12:16:48.275,23.38,-6.00,2.90,7.24,0.01,0.00,0.01
12:16:48.309,23.41,-5.87,2.92,7.27,0.01,0.00,0.01
12:16:48.340,23.41,-5.77,2.99,7.38,0.01,0.00,0.02
12:16:48.406,23.37,-5.73,3.02,7.38,0.01,0.00,0.02
12:16:48.439,23.39,-5.74,3.08,7.36,0.01,-0.00,0.02
12:16:48.473,23.45,-5.94,3.03,7.28,0.01,-0.00,0.02
12:16:48.539,23.42,-5.96,3.02,7.22,0.01,-0.01,0.02
12:16:48.572,23.38,-6.04,2.96,7.12,0.01,-0.00,0.02
12:16:48.605,23.36,-6.11,2.95,7.12,0.01,-0.01,0.02
12:16:48.670,23.37,-6.07,2.91,7.15,0.01,-0.00,0.02
12:16:48.703,23.39,-5.99,2.92,7.19,0.01,0.00,0.02
12:16:48.735,23.36,-5.88,2.95,7.27,0.01,-0.00,0.02
12:16:48.800,23.39,-5.80,2.99,7.38,0.01,-0.01,0.02
12:16:48.834,23.41,-5.73,3.01,7.37,0.01,-0.00,0.02
12:16:48.867,23.37,-5.79,3.05,7.34,0.01,-0.01,0.02
12:16:48.934,23.36,-5.84,3.02,7.29,0.01,-0.01,0.02
12:16:48.967,23.37,-5.96,2.99,7.21,0.01,-0.01,0.02
12:16:48.999,23.38,-6.02,2.95,7.15,0.01,-0.01,0.02
12:16:49.066,23.37,-6.05,2.93,7.12,0.01,-0.01,0.02
12:16:49.099,23.37,-6.05,2.95,7.17,0.01,-0.00,0.02
12:16:49.131,23.34,-5.96,2.94,7.21,0.01,-0.00,0.02
12:16:49.197,23.35,-5.90,2.98,7.29,0.01,-0.00,0.02
12:16:49.229,23.39,-5.80,3.01,7.33,0.01,-0.00,0.02
12:16:49.261,23.39,-5.77,3.03,7.36,0.01,-0.00,0.02
12:16:49.326,23.35,-5.78,2.99,7.35,0.01,-0.00,0.02
12:16:49.360,23.43,-5.87,2.99,7.26,0.01,-0.00,0.02
12:16:49.425,23.42,-5.95,2.99,7.22,0.01,-0.01,0.02
12:16:49.458,23.39,-6.01,2.95,7.14,0.01,-0.00,0.02
12:16:49.491,23.34,-6.05,2.96,7.16,0.01,-0.00,0.02
12:16:49.525,23.40,-6.02,2.98,7.15,0.01,-0.00,0.02
12:16:49.591,23.41,-5.98,2.99,7.21,0.01,0.00,0.02
12:16:49.624,23.37,-5.88,3.00,7.27,0.01,-0.00,0.02
12:16:49.690,23.37,-5.82,3.01,7.32,0.01,-0.00,0.02
12:16:49.722,23.35,-5.78,2.99,7.35,0.01,-0.00,0.02
12:16:49.755,23.37,-5.81,3.00,7.32,0.01,-0.01,0.02
12:16:49.821,23.39,-5.86,3.00,7.29,0.01,-0.01,0.02
12:16:49.855,23.41,-5.97,2.95,7.22,0.01,-0.01,0.02
12:16:49.887,23.37,-6.01,2.94,7.16,0.01,-0.00,0.02
12:16:49.953,23.39,-6.03,2.94,7.14,0.01,-0.00,0.02
12:16:49.987,23.37,-6.03,2.98,7.16,0.01,-0.00,0.02
12:16:50.020,23.32,-5.95,2.97,7.19,0.01,-0.00,0.02
12:16:50.053,23.38,-5.89,3.02,7.25,0.01,-0.00,0.02
12:16:50.119,23.39,-5.81,3.02,7.33,0.01,-0.01,0.02
12:16:50.153,23.38,-5.87,3.30,7.45,0.02,-0.03,0.03
12:16:50.185,23.38,-5.77,2.90,7.44,0.00,0.00,0.01
12:16:50.251,23.34,-5.90,2.94,7.13,0.01,0.01,0.01
12:16:50.286,23.37,-6.00,2.86,7.16,0.01,0.00,0.01
12:16:50.318,23.37,-6.00,3.00,7.15,0.02,-0.00,0.02
12:16:50.384,23.37,-6.05,3.00,7.15,0.01,0.00,0.02
12:16:50.417,23.39,-6.05,2.96,7.16,0.01,0.01,0.02
12:16:50.448,23.38,-5.99,3.10,7.21,0.02,-0.00,0.02
12:16:50.514,23.39,-5.85,3.07,7.28,0.01,-0.00,0.02
12:16:50.547,23.36,-5.80,3.05,7.29,0.01,-0.00,0.02
12:16:50.613,23.37,-5.86,3.05,7.33,0.01,-0.00,0.02
12:16:50.647,23.39,-5.86,3.11,7.31,0.02,-0.00,0.02
12:16:50.680,23.36,-5.87,2.90,7.26,0.01,0.00,0.01
12:16:50.713,23.35,-5.94,2.90,7.14,0.01,0.01,0.01
12:16:50.780,23.36,-5.99,2.78,7.18,0.01,0.00,0.01
12:16:50.813,23.36,-6.00,2.96,7.20,0.01,-0.01,0.02
12:16:50.845,23.39,-5.99,3.04,7.14,0.01,-0.01,0.02
12:16:50.909,23.38,-5.97,3.05,7.16,0.02,-0.00,0.02
12:16:50.942,23.38,-5.88,3.13,7.27,0.02,-0.01,0.02
12:16:51.008,23.36,-5.86,3.02,7.27,0.01,0.00,0.01
12:16:51.042,23.36,-5.80,3.06,7.25,0.01,0.00,0.01
12:16:51.075,23.38,-5.88,2.89,7.32,0.01,-0.01,0.02
12:16:51.141,23.37,-5.86,2.86,7.28,0.01,-0.00,0.02
12:16:51.174,23.38,-5.95,2.87,7.25,0.01,-0.00,0.02
12:16:51.207,23.36,-6.02,2.92,7.20,0.01,-0.01,0.02
12:16:51.273,23.34,-5.96,2.90,7.21,0.01,-0.01,0.02
12:16:51.307,23.34,-5.97,3.01,7.25,0.01,0.00,0.01
12:16:51.339,23.39,-5.90,3.05,7.18,0.01,0.00,0.02
12:16:51.405,23.32,-5.86,3.02,7.24,0.01,0.00,0.01
12:16:51.438,23.38,-5.84,3.05,7.23,0.01,0.00,0.02
12:16:51.471,23.37,-5.88,3.06,7.25,0.02,-0.01,0.02
12:16:51.536,23.37,-5.87,3.10,7.20,0.02,-0.01,0.02
12:16:51.570,23.36,-5.94,2.94,7.33,0.01,-0.01,0.02
12:16:51.603,23.35,-5.93,2.87,7.22,0.01,0.00,0.01
12:16:51.669,23.34,-5.98,2.85,7.26,0.01,-0.00,0.01
12:16:51.702,23.38,-5.95,2.90,7.21,0.01,0.00,0.01
12:16:51.736,23.34,-5.97,3.03,7.20,0.01,-0.00,0.02
12:16:51.801,23.36,-5.94,3.01,7.20,0.01,-0.00,0.02
12:16:51.835,23.34,-5.88,3.15,7.31,0.02,-0.01,0.02
12:16:51.867,23.37,-5.79,3.04,7.23,0.01,-0.01,0.02
12:16:51.933,23.36,-5.85,3.12,7.32,0.01,-0.00,0.02
12:16:51.967,23.36,-5.93,2.99,7.21,0.01,0.00,0.01
12:16:52.000,23.37,-5.97,3.01,7.19,0.02,-0.01,0.02
12:16:52.033,23.34,-5.99,2.91,7.24,0.01,-0.00,0.02
12:16:52.098,23.34,-5.98,2.86,7.25,0.01,-0.01,0.02
12:16:52.132,23.38,-5.96,2.95,7.24,0.01,-0.00,0.02
12:16:52.197,23.38,-5.93,2.87,7.22,0.01,-0.00,0.01
12:16:52.230,23.36,-5.72,2.99,7.36,0.00,-0.02,0.01
12:16:52.262,23.37,-5.81,3.00,7.33,0.01,-0.01,0.01
12:16:52.327,23.39,-5.82,3.02,7.29,0.01,-0.01,0.02
12:16:52.359,23.39,-5.89,3.12,7.25,0.01,-0.02,0.02
12:16:52.392,23.34,-5.92,3.11,7.25,0.02,-0.01,0.03
12:16:52.458,23.36,-5.89,2.92,7.26,0.01,-0.00,0.01
12:16:52.492,23.36,-5.96,2.88,7.18,0.01,-0.00,0.01
12:16:52.525,23.37,-5.97,2.87,7.15,0.01,0.01,0.01
12:16:52.591,23.38,-5.96,2.92,7.22,0.01,-0.01,0.02
12:16:52.624,23.35,-5.97,2.96,7.18,0.01,0.00,0.02
12:16:52.657,23.34,-5.89,2.96,7.24,0.01,-0.01,0.02
12:16:52.723,23.36,-5.91,3.09,7.30,0.01,-0.01,0.02
12:16:52.756,23.31,-5.83,3.01,7.27,0.01,0.00,0.01
12:16:52.789,23.36,-5.94,3.08,7.23,0.02,-0.00,0.02
12:16:52.855,23.36,-5.89,3.01,7.31,0.01,-0.01,0.02
12:16:52.888,23.38,-5.98,3.03,7.24,0.02,-0.00,0.02
12:16:52.922,23.37,-6.01,2.97,7.15,0.01,0.01,0.02
12:16:52.988,23.38,-5.97,2.97,7.21,0.02,-0.00,0.02
12:16:53.021,23.33,-6.00,2.95,7.26,0.02,-0.00,0.02
12:16:53.054,23.39,-5.92,2.90,7.25,0.01,-0.00,0.01
12:16:53.120,23.37,-5.89,2.99,7.23,0.01,-0.00,0.02
12:16:53.153,23.39,-5.86,2.94,7.25,0.01,0.00,0.01
12:16:53.186,23.38,-5.83,3.11,7.35,0.01,-0.01,0.02
12:16:53.251,23.34,-5.85,2.96,7.27,0.01,-0.00,0.01
12:16:53.284,23.34,-5.93,3.05,7.18,0.01,-0.00,0.02
12:16:53.317,23.32,-5.94,3.04,7.26,0.02,-0.02,0.03
12:16:53.383,23.35,-5.96,2.98,7.33,0.01,-0.02,0.02
12:16:53.416,23.41,-5.94,2.85,7.18,0.01,0.00,0.01
12:16:53.449,23.37,-5.96,2.98,7.25,0.01,-0.01,0.02
12:16:53.515,23.38,-5.93,2.95,7.21,0.01,0.00,0.02
12:16:53.548,23.40,-5.93,3.01,7.27,0.01,-0.01,0.02
12:16:53.581,23.36,-5.90,3.10,7.26,0.01,-0.01,0.02
12:16:53.647,23.37,-5.86,3.05,7.26,0.02,-0.00,0.02
12:16:53.680,23.39,-5.95,3.05,7.22,0.01,-0.00,0.02
12:16:53.713,23.34,-5.94,2.99,7.26,0.01,-0.00,0.02
12:16:53.779,23.38,-6.01,3.07,7.24,0.02,-0.01,0.02
12:16:53.812,23.37,-5.99,2.98,7.18,0.01,0.00,0.02
12:16:53.845,23.34,-5.95,3.01,7.23,0.01,0.00,0.02
12:16:53.910,23.35,-5.98,2.99,7.19,0.02,0.00,0.02
12:16:53.942,23.39,-5.87,3.00,7.23,0.01,0.00,0.01
12:16:53.974,23.38,-5.87,2.94,7.26,0.01,0.00,0.01
12:16:54.041,23.36,-5.89,2.96,7.20,0.01,-0.00,0.02
12:16:54.074,23.36,-5.88,3.08,7.31,0.02,-0.01,0.02
12:16:54.107,23.34,-5.73,2.61,7.24,-0.02,0.02,-0.02
12:16:54.173,23.43,-5.95,2.71,6.74,-0.00,0.02,-0.00
12:16:54.206,23.33,-5.97,3.01,7.25,0.01,-0.05,0.04
12:16:54.239,23.35,-5.98,2.95,7.20,0.01,-0.02,0.02
12:16:54.305,23.34,-5.97,2.90,7.17,0.01,-0.01,0.02
12:16:54.338,23.43,-5.95,2.91,7.29,0.02,-0.00,0.02
12:16:54.371,23.36,-5.91,3.04,7.34,0.02,-0.02,0.02
12:16:54.437,23.32,-5.86,2.97,7.25,0.01,0.01,0.01
12:16:54.470,23.35,-5.86,3.00,7.24,0.01,0.00,0.01
12:16:54.503,23.37,-5.90,3.02,7.26,0.01,-0.00,0.02
12:16:54.570,23.32,-5.90,2.98,7.22,0.01,-0.00,0.02
12:16:54.603,23.38,-5.95,3.03,7.30,0.01,-0.01,0.02
12:16:54.635,23.34,-5.97,2.91,7.16,0.01,0.01,0.01
12:16:54.701,23.38,-5.98,2.91,7.17,0.01,0.00,0.01
12:16:54.734,23.34,-5.94,2.90,7.18,0.01,0.00,0.02
12:16:54.768,23.39,-5.99,2.94,7.13,0.01,0.00,0.01
12:16:54.834,23.33,-5.96,3.03,7.29,0.01,-0.01,0.02
12:16:54.867,23.37,-5.96,3.09,7.14,0.01,0.00,0.02
12:16:54.899,23.41,-5.87,3.00,7.26,0.02,-0.02,0.03
12:16:54.965,23.38,-5.89,3.04,7.33,0.02,-0.02,0.03
12:16:54.998,23.38,-5.91,3.05,7.24,0.01,-0.01,0.02
12:16:55.032,23.33,-5.98,2.98,7.23,0.01,-0.00,0.02
12:16:55.098,23.38,-5.97,2.99,7.26,0.01,-0.01,0.02
12:16:55.131,23.34,-5.93,2.85,7.25,0.01,-0.00,0.01
12:16:55.164,23.40,-5.99,3.04,7.20,0.02,0.00,0.02
12:16:55.230,23.40,-5.93,2.96,7.22,0.01,0.00,0.02
12:16:55.263,23.38,-5.91,2.81,7.02,0.02,0.02,0.01
12:16:55.296,23.34,-5.95,3.38,7.34,0.03,-0.04,0.05
12:16:55.362,23.39,-5.74,2.85,7.55,0.01,-0.04,0.02
12:16:55.395,23.38,-5.90,3.15,7.27,0.03,-0.04,0.04
12:16:55.428,23.34,-5.77,3.07,7.52,0.01,-0.09,0.01
12:16:55.493,23.34,-5.86,2.72,7.35,0.00,0.01,-0.00
12:16:55.526,23.36,-6.02,2.99,6.99,0.02,0.02,0.02
12:16:55.559,23.36,-5.97,2.89,7.03,0.01,0.01,0.01
12:16:55.624,23.35,-5.94,3.03,7.38,0.02,-0.04,0.04
12:16:55.657,23.41,-5.88,3.03,7.33,0.01,0.00,0.01
12:16:55.690,23.37,-5.87,3.00,7.31,0.01,-0.00,0.02
12:16:55.757,23.37,-5.86,2.99,7.29,0.01,-0.00,0.02
12:16:55.789,23.36,-5.88,3.01,7.28,0.01,-0.00,0.02
12:16:55.821,23.34,-5.91,3.00,7.26,0.01,-0.00,0.02
12:16:55.886,23.38,-5.93,2.99,7.22,0.01,-0.00,0.02
12:16:55.918,23.43,-5.96,2.99,7.22,0.01,-0.00,0.02
12:16:55.950,23.36,-5.95,2.95,7.20,0.01,-0.00,0.02
12:16:56.015,23.37,-5.96,2.95,7.23,0.01,-0.00,0.02
12:16:56.048,23.34,-5.91,2.96,7.24,0.01,-0.00,0.02
12:16:56.113,23.37,-5.93,2.99,7.28,0.01,-0.00,0.02
12:16:56.145,23.37,-5.92,3.03,7.20,0.01,-0.01,0.02
12:16:56.178,23.38,-5.91,3.02,7.26,0.01,-0.01,0.02
12:16:56.243,23.36,-5.87,2.96,7.27,0.01,-0.01,0.02
12:16:56.277,23.34,-5.93,3.01,7.25,0.01,-0.01,0.02
12:16:56.311,23.37,-5.92,2.97,7.22,0.01,-0.01,0.02
12:16:56.377,23.37,-5.96,2.99,7.24,0.01,-0.00,0.02
12:16:56.410,23.37,-5.97,2.95,7.19,0.01,-0.00,0.02
12:16:56.443,23.35,-5.95,2.96,7.20,0.01,-0.00,0.02
12:16:56.509,23.37,-5.94,3.00,7.25,0.01,-0.01,0.02
12:16:56.542,23.39,-5.89,2.98,7.26,0.01,-0.00,0.02
12:16:56.574,23.36,-5.89,2.99,7.27,0.01,-0.00,0.02
12:16:56.640,23.34,-5.88,2.99,7.27,0.01,-0.00,0.02
12:16:56.672,23.34,-5.89,2.99,7.26,0.01,-0.00,0.02
12:16:56.706,23.35,-5.93,2.99,7.26,0.01,-0.00,0.02
12:16:56.772,23.34,-5.92,2.96,7.22,0.01,-0.00,0.02
12:16:56.806,23.38,-5.96,2.99,7.22,0.01,-0.00,0.02
12:16:56.839,23.35,-5.96,2.96,7.19,0.01,-0.00,0.02
12:16:56.904,23.34,-5.95,2.98,7.24,0.01,-0.00,0.02
12:16:56.937,23.35,-5.92,2.97,7.24,0.01,-0.00,0.02
12:16:56.970,23.36,-5.90,2.98,7.26,0.01,-0.00,0.02
12:16:57.036,23.37,-5.87,2.99,7.27,0.01,-0.00,0.02
12:16:57.070,23.35,-5.89,2.99,7.28,0.01,-0.00,0.02
12:16:57.102,23.36,-5.90,2.98,7.26,0.01,-0.00,0.02
12:16:57.168,23.36,-5.92,2.97,7.24,0.01,-0.00,0.02
12:16:57.201,23.29,-5.96,2.97,7.24,0.01,-0.00,0.02
12:16:57.234,23.37,-5.95,2.96,7.21,0.01,-0.00,0.02
12:16:57.300,23.33,-5.96,2.98,7.23,0.01,-0.00,0.02
12:16:57.333,23.37,-5.95,2.98,7.23,0.01,-0.00,0.02
12:16:57.366,23.36,-5.91,2.98,7.24,0.01,-0.00,0.02
12:16:57.433,23.34,-5.92,3.00,7.28,0.01,-0.00,0.02
12:16:57.465,23.37,-5.87,2.97,7.24,0.01,-0.00,0.02
12:16:57.498,23.38,-5.90,3.00,7.30,0.01,-0.00,0.02
12:16:57.564,23.38,-5.88,2.96,7.24,0.01,-0.00,0.02
12:16:57.597,23.38,-5.95,2.98,7.28,0.01,-0.00,0.02
12:16:57.630,23.34,-5.91,2.94,7.21,0.01,-0.00,0.02
12:16:57.696,23.34,-5.98,2.99,7.25,0.01,-0.00,0.02
12:16:57.729,23.35,-5.94,2.97,7.18,0.01,-0.00,0.02
12:16:57.763,23.32,-5.96,3.01,7.26,0.01,-0.00,0.02
12:16:57.829,23.32,-5.89,2.98,7.23,0.01,-0.00,0.02
12:16:57.862,23.35,-5.93,3.01,7.26,0.01,-0.00,0.02
12:16:57.896,23.33,-5.84,2.77,7.14,0.01,-0.00,0.02
12:16:57.929,23.36,-5.84,2.63,7.09,0.01,-0.02,0.02
12:16:57.995,23.38,-5.82,3.17,7.50,0.02,-0.05,0.04
12:16:58.028,23.30,-5.88,3.00,7.46,0.01,-0.04,0.03
12:16:58.060,23.35,-5.89,2.97,7.26,0.01,-0.00,0.01
12:16:58.126,23.39,-5.96,3.03,7.28,0.01,-0.01,0.02
12:16:58.159,23.37,-5.96,3.02,7.28,0.01,-0.01,0.02
12:16:58.225,23.38,-5.94,2.98,7.22,0.01,-0.00,0.02
12:16:58.258,23.34,-5.91,3.01,7.21,0.01,-0.00,0.02
12:16:58.291,23.30,-5.88,2.95,7.21,0.01,-0.00,0.02
12:16:58.357,23.42,-5.91,3.08,7.27,0.01,-0.01,0.02
12:16:58.390,23.39,-5.84,2.89,7.28,0.01,-0.01,0.01
12:16:58.423,23.37,-5.91,2.93,7.32,0.01,-0.00,0.01
12:16:58.490,23.39,-5.84,2.87,7.25,0.00,-0.00,0.01
12:16:58.521,23.34,-6.02,2.79,6.94,0.00,0.01,0.00
12:16:58.555,23.38,-5.94,2.61,6.84,0.00,0.05,-0.01
12:16:58.620,23.37,-5.99,3.21,7.34,0.03,-0.05,0.05
12:16:58.652,23.33,-5.94,3.12,7.16,0.02,-0.02,0.03
12:16:58.685,23.37,-5.96,3.10,7.22,0.03,-0.03,0.04
12:16:58.752,23.33,-5.70,2.88,7.53,0.00,-0.02,0.01
12:16:58.784,23.35,-5.78,2.77,7.34,-0.00,0.01,-0.00
12:16:58.817,23.36,-5.86,2.79,7.15,0.00,-0.00,0.01
12:16:58.883,23.34,-5.89,2.87,7.39,0.01,-0.02,0.02
12:16:58.916,23.36,-5.90,2.86,7.30,0.01,-0.01,0.01
12:16:58.949,23.37,-5.94,2.95,7.24,0.01,-0.01,0.02
12:16:59.015,23.37,-5.90,2.89,7.03,0.02,0.00,0.02
12:16:59.048,23.36,-5.99,2.98,7.00,0.01,0.01,0.01
12:16:59.081,23.37,-5.84,3.05,7.39,0.01,-0.05,0.03
12:16:59.147,23.36,-5.86,2.76,7.24,0.02,-0.01,0.00
12:16:59.180,23.30,-5.89,2.88,7.07,0.01,0.00,0.01
12:16:59.213,23.34,-5.80,2.92,7.12,0.02,-0.01,0.02
12:16:59.279,23.41,-5.89,2.78,7.09,-0.00,0.03,-0.00
12:16:59.312,23.36,-5.91,2.95,7.14,0.02,-0.02,0.03
12:16:59.345,23.36,-5.94,3.04,7.32,0.03,-0.03,0.04
12:16:59.411,23.34,-5.94,2.95,7.20,0.01,-0.02,0.02
12:16:59.444,23.36,-5.92,3.00,7.34,0.02,-0.02,0.03
12:16:59.477,23.34,-5.92,2.82,6.95,-0.00,0.03,-0.00
12:16:59.543,23.37,-5.98,2.94,7.01,0.01,0.00,0.01
12:16:59.576,23.37,-5.89,2.91,7.31,0.01,-0.02,0.02
12:16:59.609,23.32,-5.90,2.98,7.25,0.01,-0.01,0.02
12:16:59.674,23.36,-5.97,2.93,7.25,0.01,-0.00,0.02
12:16:59.707,23.37,-5.93,3.00,7.25,0.01,-0.01,0.02
12:16:59.739,23.32,-5.93,2.96,7.22,0.01,-0.00,0.02
12:16:59.805,23.34,-5.95,2.91,7.21,0.01,-0.01,0.02
12:16:59.838,23.34,-5.96,2.97,7.24,0.01,-0.00,0.02
12:16:59.871,23.35,-5.92,2.96,7.24,0.01,-0.00,0.02
12:16:59.937,23.34,-5.96,3.05,7.21,0.01,0.00,0.02
12:16:59.970,23.34,-5.91,2.90,7.26,0.01,-0.00,0.02
12:17:00.006,23.32,-5.97,3.12,7.24,0.02,-0.00,0.02
12:17:00.070,23.32,-5.91,2.97,7.22,0.01,0.00,0.02
12:17:00.103,23.31,-5.95,2.92,7.34,0.01,-0.01,0.02
12:17:00.136,23.35,-5.94,2.96,7.26,0.01,-0.00,0.02
12:17:00.202,23.35,-5.90,2.99,7.36,0.00,-0.01,0.01
12:17:00.236,23.39,-5.90,2.66,7.15,-0.01,0.03,-0.01
12:17:00.268,23.34,-5.97,2.79,7.22,-0.00,0.03,-0.01
12:17:00.335,23.36,-5.89,2.60,6.92,-0.00,0.04,-0.01
12:17:00.368,23.38,-6.02,3.20,6.99,-0.00,0.06,0.03
12:17:00.401,23.33,-5.90,2.97,7.21,0.01,-0.02,0.02
12:17:00.467,23.40,-5.87,3.02,7.23,0.00,0.00,0.01
12:17:00.500,23.34,-5.97,3.08,7.18,0.01,0.03,-0.00
12:17:00.533,23.39,-5.91,2.66,6.84,0.00,0.04,-0.00
12:17:00.599,23.36,-6.06,3.17,7.07,0.04,-0.05,0.05
12:17:00.632,23.36,-6.00,2.88,7.20,0.02,-0.04,0.03
12:17:00.665,23.40,-5.90,3.19,7.50,0.02,-0.04,0.03
12:17:00.731,23.36,-5.82,2.74,7.22,-0.00,0.03,-0.01
12:17:00.764,23.35,-5.87,2.69,7.32,-0.00,0.03,-0.01
12:17:00.797,23.35,-5.91,2.97,7.35,0.02,-0.03,0.03
12:17:00.863,23.39,-5.91,3.04,7.20,0.02,0.01,0.02
12:17:00.896,23.37,-6.03,2.94,6.97,0.03,0.01,0.03
12:17:00.929,23.36,-5.71,3.31,8.06,0.02,-0.10,0.06
12:17:00.994,23.34,-5.80,3.02,7.43,0.02,-0.09,0.05
12:17:01.027,23.35,-5.85,2.96,7.28,0.00,0.06,-0.01
12:17:01.060,23.35,-6.00,2.86,7.05,0.03,-0.01,0.03
12:17:01.126,23.36,-5.95,2.90,7.27,0.00,-0.01,0.02
12:17:01.159,23.33,-5.91,2.78,7.15,0.01,0.01,0.01
12:17:01.191,23.34,-5.96,3.09,7.27,0.02,-0.02,0.03
12:17:01.258,23.38,-5.93,2.97,7.28,0.02,-0.02,0.02
12:17:01.291,23.37,-5.86,3.01,7.24,0.01,-0.01,0.02
12:17:01.323,23.33,-5.86,2.98,7.26,0.01,-0.01,0.02
12:17:01.390,23.39,-5.88,2.97,7.23,0.01,-0.01,0.02
12:17:01.423,23.32,-5.92,3.00,7.29,0.01,-0.01,0.02
12:17:01.456,23.37,-5.92,2.96,7.26,0.01,-0.01,0.02
12:17:01.522,23.34,-5.91,3.02,7.30,0.01,-0.01,0.02
12:17:01.555,23.32,-5.89,2.86,7.23,0.01,0.00,0.01
12:17:01.588,23.36,-5.98,3.01,7.22,0.01,-0.01,0.02
12:17:01.654,23.38,-5.90,2.92,7.26,0.01,-0.00,0.01
12:17:01.687,23.39,-5.95,2.89,7.24,0.01,-0.00,0.01
12:17:01.720,23.40,-5.89,2.95,7.22,0.01,0.01,0.01
12:17:01.786,23.36,-5.90,3.00,7.26,0.01,-0.01,0.02
12:17:01.818,23.37,-5.87,3.10,7.25,0.01,-0.01,0.02
12:17:01.852,23.34,-5.95,3.01,7.23,0.02,-0.00,0.02
12:17:01.917,23.36,-5.95,2.98,7.22,0.02,-0.00,0.02
12:17:01.950,23.40,-5.92,2.92,7.32,0.01,-0.01,0.02
12:17:01.983,23.32,-5.92,3.02,7.33,0.01,-0.01,0.02
12:17:02.049,23.34,-5.91,2.81,7.23,0.01,0.01,0.01
12:17:02.082,23.32,-5.91,2.94,7.24,0.01,-0.00,0.02
12:17:02.115,23.32,-5.92,2.95,7.21,0.01,0.00,0.02
12:17:02.181,23.35,-5.92,3.00,7.25,0.01,-0.01,0.02
12:17:02.214,23.37,-5.92,3.05,7.25,0.01,-0.01,0.02
12:17:02.247,23.36,-5.88,3.00,7.26,0.01,-0.00,0.01
12:17:02.313,23.34,-5.88,2.99,7.23,0.01,-0.01,0.02
12:17:02.346,23.34,-5.91,2.99,7.28,0.01,-0.01,0.02
12:17:02.379,23.40,-5.99,3.03,7.16,0.02,-0.00,0.02
12:17:02.445,23.35,-5.93,3.00,7.30,0.01,-0.01,0.02
12:17:02.477,23.37,-5.92,2.98,7.32,0.01,-0.01,0.02
12:17:02.511,23.36,-5.90,2.92,7.30,0.01,-0.00,0.01
12:17:02.577,23.35,-5.88,2.89,7.29,0.01,0.00,0.01
12:17:02.610,23.39,-5.88,2.99,7.30,0.01,-0.01,0.02
12:17:02.643,23.37,-5.85,2.95,7.28,0.01,-0.00,0.02
12:17:02.709,23.37,-5.94,3.05,7.25,0.01,-0.01,0.02
12:17:02.742,23.37,-5.97,3.04,7.24,0.01,-0.00,0.02
12:17:02.775,23.34,-5.95,3.03,7.18,0.01,-0.00,0.02
12:17:02.841,23.36,-5.93,2.93,7.30,0.01,-0.01,0.02
12:17:02.874,23.36,-5.96,2.93,7.19,0.01,-0.01,0.02
12:17:02.907,23.32,-5.93,3.06,7.27,0.01,-0.01,0.02
12:17:02.940,23.34,-5.93,3.03,7.21,0.02,-0.01,0.02
12:17:03.006,23.36,-5.88,2.96,7.35,0.01,-0.01,0.02
12:17:03.039,23.36,-5.96,3.07,7.23,0.02,-0.00,0.02
12:17:03.071,23.39,-5.96,3.13,7.26,0.02,-0.01,0.02
12:17:03.138,23.35,-5.95,3.08,7.20,0.02,0.00,0.02
12:17:03.171,23.39,-5.92,2.89,7.29,0.02,-0.00,0.02
12:17:03.204,23.36,-5.99,3.00,7.28,0.02,-0.01,0.02
12:17:03.268,23.34,-5.92,2.93,7.21,0.01,0.00,0.01
12:17:03.301,23.34,-5.91,2.97,7.24,0.01,0.00,0.01
12:17:03.333,23.34,-5.97,3.00,7.20,0.01,-0.00,0.02
12:17:03.398,23.37,-5.91,3.00,7.25,0.01,-0.00,0.02
12:17:03.431,23.37,-5.88,2.95,7.23,0.01,0.00,0.02
12:17:03.463,23.35,-5.93,3.02,7.24,0.01,-0.00,0.02
12:17:03.529,23.37,-5.93,3.04,7.23,0.01,-0.01,0.02
12:17:03.562,23.36,-5.90,3.03,7.25,0.02,-0.01,0.02
12:17:03.594,23.36,-5.92,2.96,7.28,0.01,-0.01,0.02
12:17:03.661,23.36,-5.90,2.98,7.28,0.01,-0.01,0.02
12:17:03.695,23.41,-5.96,3.06,7.25,0.01,-0.00,0.02
12:17:03.727,23.37,-5.93,2.90,7.17,0.01,0.01,0.01
12:17:03.794,23.36,-5.89,2.97,7.29,0.01,0.00,0.02
12:17:03.827,23.36,-5.91,2.96,7.27,0.01,-0.00,0.02
12:17:03.859,23.38,-5.89,3.05,7.21,0.02,-0.00,0.02
12:17:03.925,23.39,-5.91,2.92,7.31,0.01,-0.01,0.02
12:17:03.958,23.35,-5.80,2.91,7.41,0.01,-0.01,0.01
12:17:03.990,23.35,-5.99,3.04,7.20,0.01,0.00,0.02
12:17:04.057,23.37,-5.83,3.01,7.54,0.01,-0.02,0.02
12:17:04.090,23.40,-6.02,3.10,7.18,0.01,0.00,0.02
12:17:04.122,23.34,-5.93,2.82,7.19,-0.00,0.02,-0.00
12:17:04.189,23.32,-5.90,2.77,7.14,0.00,0.04,-0.00
12:17:04.222,23.36,-5.96,2.92,7.08,0.02,0.00,0.02
12:17:04.254,23.32,-5.99,3.23,7.30,0.03,-0.03,0.04
12:17:04.321,23.37,-5.93,2.92,7.37,0.01,-0.03,0.03
12:17:04.353,23.35,-5.80,3.06,7.43,0.01,-0.02,0.02
12:17:04.385,23.37,-5.84,2.64,7.09,0.00,-0.01,0.01
12:17:04.452,23.33,-5.91,2.70,7.04,0.00,0.02,-0.00
12:17:04.485,23.37,-5.90,2.97,7.27,0.01,-0.02,0.02
12:17:04.550,23.37,-6.03,3.17,6.93,0.03,0.01,0.02
12:17:04.583,23.36,-6.08,3.04,6.94,0.03,0.00,0.03
12:17:04.616,23.33,-5.89,3.08,7.43,0.02,-0.06,0.05
12:17:04.682,23.37,-5.96,3.03,7.41,0.02,-0.04,0.04
12:17:04.715,23.41,-5.95,3.30,7.30,0.04,-0.06,0.06
12:17:04.747,23.35,-5.83,3.43,7.88,0.02,-0.01,0.02
12:17:04.813,23.33,-5.84,3.15,7.61,0.01,0.00,0.01